//----------------------------------------------------------------------------------------------------------------
//->>  MSPro - MuServerPro Team - Desarrollos de MUOnline
//->>  Web: wwww.muserverpro.com
//->>  FB: @mspromu
//->>  © 2020 - 2022 MuServerPro Team
//----------------------------------------------------------------------------------------------------------------

//-----------------------------------------------------------------------------------------------------------------------------------
//[0~15]	[0~512]    [0~15]  [0~255][0-1]   [0-1]  [0~7]	 [0~63] [0/21~22] [0~173] [0-128] [254 Open/255 Clossed - 200~246 Types] 
//Section   TypeItem   Level   Dura   Skill   Luck   Option  ExcOp	SetOpion  JoH	  OEx	  Socket1 Socket2 Socket3 Socket4 Socket5
//-----------------------------------------------------------------------------------------------------------------------------------
  7			5		   2	   255	  0	      1	     1		 0      0         0       0       255     255     255     255     255	//Leather Helm
  7			0		   2	   255	  0	      1	     1		 0      0         0       0       255     255     255     255     255	//Bronze Helm
  7			6		   2	   255	  0	      1	     1		 0      0         0       0       255     255     255     255     255	//Scale Helm
  7			9		   2	   255	  0	      1	     1		 0      0         0       0       255     255     255     255     255	//Plate Helm
  8			5		   2	   255	  0	      1	     1		 0      0         0       0       255     255     255     255     255	//Leather Armor
  8			0		   2	   255	  0	      1	     1		 0      0         0       0       255     255     255     255     255	//Bronze Armor
  8			6		   2	   255	  0	      1	     1		 0      0         0       0       255     255     255     255     255	//Scale Armor
  8			9		   2	   255	  0	      1	     1		 0      0         0       0       255     255     255     255     255	//Plate Armor
  9			0		   2	   255	  0	      1	     1		 0      0         0       0       255     255     255     255     255	//Bronze Pants
  9			6		   2	   255	  0	      1	     1		 0      0         0       0       255     255     255     255     255	//Scale Pants
  9			9		   2	   255	  0	      1	     1		 0      0         0       0       255     255     255     255     255	//Plate Pants
  9			5		   2	   255	  0	      1	     1		 0      0         0       0       255     255     255     255     255	//Leather Pants
  10	    0		   2	   255	  0	      1	     1		 0      0         0       0       255     255     255     255     255	//Bronze Gloves
  10	    6		   2	   255	  0	      1	     1		 0      0         0       0       255     255     255     255     255	//Scale Gloves
  10	    9		   2	   255	  0	      1	     1		 0      0         0       0       255     255     255     255     255	//Plate Gloves
  10	    5		   2	   255	  0	      1	     1		 0      0         0       0       255     255     255     255     255	//Leather Gloves
  11	    0		   2	   255	  0	      1	     1		 0      0         0       0       255     255     255     255     255	//Bronze Boots
  11	    6		   2	   255	  0	      1	     1		 0      0         0       0       255     255     255     255     255	//Scale Boots
  11	    9		   2	   255	  0	      1	     1		 0      0         0       0       255     255     255     255     255	//Plate Boots
  11	    5		   2	   255	  0	      1	     1		 0      0         0       0       255     255     255     255     255	//Leather Boots
  12	    12		   0	   255	  0	      0	     0		 0      0         0       0       255     255     255     255     255	//Orb of Rageful Blow
  12	    13		   0	   255	  0	      0	     0		 0      0         0       0       255     255     255     255     255	//Orb of Impale
  12	    14		   0	   0	  0	      0	     0		 0      0         0       0       255     255     255     255     255	//Orb of Greater Fortitude
  12	    19		   0	   255	  0	      0	     0		 0      0         0       0       255     255     255     255     255	//Orb of Death Stab
  12	    44		   0	   0	  0	      0	     0		 0      0         0       0       255     255     255     255     255	//Crystal of Destruction
  0	        13		   2	   255	  1	      1	     1		 0      0         0       0       255     255     255     255     255	//Double Blade
  0	        11		   2	   255	  1	      1	     1		 0      0         0       0       255     255     255     255     255	//Legendary Sword
  0	        6		   2	   255	  1	      1	     1		 0      0         0       0       255     255     255     255     255	//Gladius
  1	        2		   2	   255	  1	      1	     1		 0      0         0       0       255     255     255     255     255	//Double Axe
  0	        16		   2	   255	  1	      1	     1		 0      0         0       0       255     255     255     255     255	//Sword of Destruction
  13	    0		   0	   255	  0	      0	     0		 0      0         0       0       255     255     255     255     255	//Guardian Angel
  12	    7		   0	   255	  0	      0	     0		 0      0         0       0       255     255     255     255     255	//Orb of Twisting Slash
  13	    1		   0	   255	  0	      0	     0		 0      0         0       0       255     255     255     255     255	//Imp 
end
