//----------------------------------------------------------------------------------------------------------------
//->>  MSPro - MuServerPro Team - Desarrollos de MUOnline
//->>  Web: wwww.muserverpro.com
//->>  FB: @mspromu
//->>  © 2020 - 2022 MuServerPro Team
//----------------------------------------------------------------------------------------------------------------

//-----------------------------------------------------------------------------------------------------------------------------------
//[0~15]	[0~512]    [0~15]  [0~255][0-1]   [0-1]  [0~7]	 [0~63] [0/21~22] [0~173] [0-128] [254 Open/255 Clossed - 200~246 Types] 
//Section   TypeItem   Level   Dura   Skill   Luck   Option  ExcOp	SetOpion  JoH	  OEx	  Socket1 Socket2 Socket3 Socket4 Socket5
//-----------------------------------------------------------------------------------------------------------------------------------
0
  7			5		   0	   255	  0	      1	     1		 0      0         0       0       255     255     255     255     255	//Leather Helm
  7			0		   0	   255	  0	      1	     1		 0      0         0       0       255     255     255     255     255	//Bronze Helm
  7			6		   0	   255	  0	      1	     1		 0      0         0       0       255     255     255     255     255	//Scale Helm
  7			9		   0	   255	  0	      1	     1		 0      0         0       0       255     255     255     255     255	//Plate Helm
  8			5		   0	   255	  0	      1	     1		 0      0         0       0       255     255     255     255     255	//Leather Armor
  8			0		   0	   255	  0	      1	     1		 0      0         0       0       255     255     255     255     255	//Bronze Armor
  8			6		   0	   255	  0	      1	     1		 0      0         0       0       255     255     255     255     255	//Scale Armor
  8			9		   0	   255	  0	      1	     1		 0      0         0       0       255     255     255     255     255	//Plate Armor
  9			0		   0	   255	  0	      1	     1		 0      0         0       0       255     255     255     255     255	//Bronze Pants
  9			6		   0	   255	  0	      1	     1		 0      0         0       0       255     255     255     255     255	//Scale Pants
  9			9		   0	   255	  0	      1	     1		 0      0         0       0       255     255     255     255     255	//Plate Pants
  9			5		   0	   255	  0	      1	     1		 0      0         0       0       255     255     255     255     255	//Leather Pants
  10	    0		   0	   255	  0	      1	     1		 0      0         0       0       255     255     255     255     255	//Bronze Gloves
  10	    6		   0	   255	  0	      1	     1		 0      0         0       0       255     255     255     255     255	//Scale Gloves
  10	    9		   0	   255	  0	      1	     1		 0      0         0       0       255     255     255     255     255	//Plate Gloves
  10	    5		   0	   255	  0	      1	     1		 0      0         0       0       255     255     255     255     255	//Leather Gloves
  11	    0		   0	   255	  0	      1	     1		 0      0         0       0       255     255     255     255     255	//Bronze Boots
  11	    6		   0	   255	  0	      1	     1		 0      0         0       0       255     255     255     255     255	//Scale Boots
  11	    9		   0	   255	  0	      1	     1		 0      0         0       0       255     255     255     255     255	//Plate Boots
  11	    5		   0	   255	  0	      1	     1		 0      0         0       0       255     255     255     255     255	//Leather Boots
  12	    12		   0	   255	  0	      0	     0		 0      0         0       0       255     255     255     255     255	//Orb of Rageful Blow
  12	    13		   0	   255	  0	      0	     0		 0      0         0       0       255     255     255     255     255	//Orb of Impale
  12	    14		   0	   0	  0	      0	     0		 0      0         0       0       255     255     255     255     255	//Orb of Greater Fortitude
  12	    19		   0	   255	  0	      0	     0		 0      0         0       0       255     255     255     255     255	//Orb of Death Stab
  12	    44		   0	   0	  0	      0	     0		 0      0         0       0       255     255     255     255     255	//Crystal of Destruction
  0	        13		   0	   255	  1	      1	     1		 0      0         0       0       255     255     255     255     255	//Double Blade
  0	        11		   0	   255	  1	      1	     1		 0      0         0       0       255     255     255     255     255	//Legendary Sword
  0	        6		   0	   255	  1	      1	     1		 0      0         0       0       255     255     255     255     255	//Gladius
  1	        2		   0	   255	  1	      1	     1		 0      0         0       0       255     255     255     255     255	//Double Axe
  0	        16		   0	   255	  1	      1	     1		 0      0         0       0       255     255     255     255     255	//Sword of Destruction
  13	    0		   0	   255	  0	      0	     0		 0      0         0       0       255     255     255     255     255	//Guardian Angel
  12	    7		   0	   255	  0	      0	     0		 0      0         0       0       255     255     255     255     255	//Orb of Twisting Slash
  13	    1		   0	   255	  0	      0	     0		 0      0         0       0       255     255     255     255     255	//Imp 
end

1
  7			5		   7	   255	  0	      1	     1		 0      0         0       0       255     255     255     255     255	//Leather Helm
  7			0		   7	   255	  0	      1	     1		 0      0         0       0       255     255     255     255     255	//Bronze Helm
  7			6		   7	   255	  0	      1	     1		 0      0         0       0       255     255     255     255     255	//Scale Helm
  7			9		   7	   255	  0	      1	     1		 0      0         0       0       255     255     255     255     255	//Plate Helm
  8			5		   7	   255	  0	      1	     1		 0      0         0       0       255     255     255     255     255	//Leather Armor
  8			0		   7	   255	  0	      1	     1		 0      0         0       0       255     255     255     255     255	//Bronze Armor
  8			6		   7	   255	  0	      1	     1		 0      0         0       0       255     255     255     255     255	//Scale Armor
  8			9		   7	   255	  0	      1	     1		 0      0         0       0       255     255     255     255     255	//Plate Armor
  9			0		   7	   255	  0	      1	     1		 0      0         0       0       255     255     255     255     255	//Bronze Pants
  9			6		   7	   255	  0	      1	     1		 0      0         0       0       255     255     255     255     255	//Scale Pants
  9			9		   7	   255	  0	      1	     1		 0      0         0       0       255     255     255     255     255	//Plate Pants
  9			5		   7	   255	  0	      1	     1		 0      0         0       0       255     255     255     255     255	//Leather Pants
  10	    0		   7	   255	  0	      1	     1		 0      0         0       0       255     255     255     255     255	//Bronze Gloves
  10	    6		   7	   255	  0	      1	     1		 0      0         0       0       255     255     255     255     255	//Scale Gloves
  10	    9		   7	   255	  0	      1	     1		 0      0         0       0       255     255     255     255     255	//Plate Gloves
  10	    5		   7	   255	  0	      1	     1		 0      0         0       0       255     255     255     255     255	//Leather Gloves
  11	    0		   7	   255	  0	      1	     1		 0      0         0       0       255     255     255     255     255	//Bronze Boots
  11	    6		   7	   255	  0	      1	     1		 0      0         0       0       255     255     255     255     255	//Scale Boots
  11	    9		   7	   255	  0	      1	     1		 0      0         0       0       255     255     255     255     255	//Plate Boots
  11	    5		   7	   255	  0	      1	     1		 0      0         0       0       255     255     255     255     255	//Leather Boots
  12	    12		   7	   255	  0	      0	     0		 0      0         0       0       255     255     255     255     255	//Orb of Rageful Blow
  12	    13		   7	   255	  0	      0	     0		 0      0         0       0       255     255     255     255     255	//Orb of Impale
  12	    14		   7	   0	  0	      0	     0		 0      0         0       0       255     255     255     255     255	//Orb of Greater Fortitude
  12	    19		   7	   255	  0	      0	     0		 0      0         0       0       255     255     255     255     255	//Orb of Death Stab
  12	    44		   7	   0	  0	      0	     0		 0      0         0       0       255     255     255     255     255	//Crystal of Destruction
  0	        13		   7	   255	  1	      1	     1		 0      0         0       0       255     255     255     255     255	//Double Blade
  0	        11		   7	   255	  1	      1	     1		 0      0         0       0       255     255     255     255     255	//Legendary Sword
  0	        6		   7	   255	  1	      1	     1		 0      0         0       0       255     255     255     255     255	//Gladius
  1	        2		   7	   255	  1	      1	     1		 0      0         0       0       255     255     255     255     255	//Double Axe
  0	        16		   7	   255	  1	      1	     1		 0      0         0       0       255     255     255     255     255	//Sword of Destruction
  13	    0		   7	   255	  0	      0	     0		 0      0         0       0       255     255     255     255     255	//Guardian Angel
  12	    7		   7	   255	  0	      0	     0		 0      0         0       0       255     255     255     255     255	//Orb of Twisting Slash
  13	    1		   7	   255	  0	      0	     0		 0      0         0       0       255     255     255     255     255	//Imp 
end

2
  7			5		   11	   255	  0	      1	     1		 0      0         0       0       255     255     255     255     255	//Leather Helm
  7			0		   11	   255	  0	      1	     1		 0      0         0       0       255     255     255     255     255	//Bronze Helm
  7			6		   11	   255	  0	      1	     1		 0      0         0       0       255     255     255     255     255	//Scale Helm
  7			9		   11	   255	  0	      1	     1		 0      0         0       0       255     255     255     255     255	//Plate Helm
  8			5		   11	   255	  0	      1	     1		 0      0         0       0       255     255     255     255     255	//Leather Armor
  8			0		   11	   255	  0	      1	     1		 0      0         0       0       255     255     255     255     255	//Bronze Armor
  8			6		   11	   255	  0	      1	     1		 0      0         0       0       255     255     255     255     255	//Scale Armor
  8			9		   11	   255	  0	      1	     1		 0      0         0       0       255     255     255     255     255	//Plate Armor
  9			0		   11	   255	  0	      1	     1		 0      0         0       0       255     255     255     255     255	//Bronze Pants
  9			6		   11	   255	  0	      1	     1		 0      0         0       0       255     255     255     255     255	//Scale Pants
  9			9		   11	   255	  0	      1	     1		 0      0         0       0       255     255     255     255     255	//Plate Pants
  9			5		   11	   255	  0	      1	     1		 0      0         0       0       255     255     255     255     255	//Leather Pants
  10	    0		   11	   255	  0	      1	     1		 0      0         0       0       255     255     255     255     255	//Bronze Gloves
  10	    6		   11	   255	  0	      1	     1		 0      0         0       0       255     255     255     255     255	//Scale Gloves
  10	    9		   11	   255	  0	      1	     1		 0      0         0       0       255     255     255     255     255	//Plate Gloves
  10	    5		   11	   255	  0	      1	     1		 0      0         0       0       255     255     255     255     255	//Leather Gloves
  11	    0		   11	   255	  0	      1	     1		 0      0         0       0       255     255     255     255     255	//Bronze Boots
  11	    6		   11	   255	  0	      1	     1		 0      0         0       0       255     255     255     255     255	//Scale Boots
  11	    9		   11	   255	  0	      1	     1		 0      0         0       0       255     255     255     255     255	//Plate Boots
  11	    5		   11	   255	  0	      1	     1		 0      0         0       0       255     255     255     255     255	//Leather Boots
  12	    12		   11	   255	  0	      0	     0		 0      0         0       0       255     255     255     255     255	//Orb of Rageful Blow
  12	    13		   11	   255	  0	      0	     0		 0      0         0       0       255     255     255     255     255	//Orb of Impale
  12	    14		   11	   0	  0	      0	     0		 0      0         0       0       255     255     255     255     255	//Orb of Greater Fortitude
  12	    19		   11	   255	  0	      0	     0		 0      0         0       0       255     255     255     255     255	//Orb of Death Stab
  12	    44		   11	   0	  0	      0	     0		 0      0         0       0       255     255     255     255     255	//Crystal of Destruction
  0	        13		   11	   255	  1	      1	     1		 0      0         0       0       255     255     255     255     255	//Double Blade
  0	        11		   11	   255	  1	      1	     1		 0      0         0       0       255     255     255     255     255	//Legendary Sword
  0	        6		   11	   255	  1	      1	     1		 0      0         0       0       255     255     255     255     255	//Gladius
  1	        2		   11	   255	  1	      1	     1		 0      0         0       0       255     255     255     255     255	//Double Axe
  0	        16		   11	   255	  1	      1	     1		 0      0         0       0       255     255     255     255     255	//Sword of Destruction
  13	    0		   11	   255	  0	      0	     0		 0      0         0       0       255     255     255     255     255	//Guardian Angel
  12	    7		   11	   255	  0	      0	     0		 0      0         0       0       255     255     255     255     255	//Orb of Twisting Slash
  13	    1		   11	   255	  0	      0	     0		 0      0         0       0       255     255     255     255     255	//Imp 
end

3
  7			5		   15	   255	  0	      1	     1		 0      0         0       0       255     255     255     255     255	//Leather Helm
  7			0		   15	   255	  0	      1	     1		 0      0         0       0       255     255     255     255     255	//Bronze Helm
  7			6		   15	   255	  0	      1	     1		 0      0         0       0       255     255     255     255     255	//Scale Helm
  7			9		   15	   255	  0	      1	     1		 0      0         0       0       255     255     255     255     255	//Plate Helm
  8			5		   15	   255	  0	      1	     1		 0      0         0       0       255     255     255     255     255	//Leather Armor
  8			0		   15	   255	  0	      1	     1		 0      0         0       0       255     255     255     255     255	//Bronze Armor
  8			6		   15	   255	  0	      1	     1		 0      0         0       0       255     255     255     255     255	//Scale Armor
  8			9		   15	   255	  0	      1	     1		 0      0         0       0       255     255     255     255     255	//Plate Armor
  9			0		   15	   255	  0	      1	     1		 0      0         0       0       255     255     255     255     255	//Bronze Pants
  9			6		   15	   255	  0	      1	     1		 0      0         0       0       255     255     255     255     255	//Scale Pants
  9			9		   15	   255	  0	      1	     1		 0      0         0       0       255     255     255     255     255	//Plate Pants
  9			5		   15	   255	  0	      1	     1		 0      0         0       0       255     255     255     255     255	//Leather Pants
  10	    0		   15	   255	  0	      1	     1		 0      0         0       0       255     255     255     255     255	//Bronze Gloves
  10	    6		   15	   255	  0	      1	     1		 0      0         0       0       255     255     255     255     255	//Scale Gloves
  10	    9		   15	   255	  0	      1	     1		 0      0         0       0       255     255     255     255     255	//Plate Gloves
  10	    5		   15	   255	  0	      1	     1		 0      0         0       0       255     255     255     255     255	//Leather Gloves
  11	    0		   15	   255	  0	      1	     1		 0      0         0       0       255     255     255     255     255	//Bronze Boots
  11	    6		   15	   255	  0	      1	     1		 0      0         0       0       255     255     255     255     255	//Scale Boots
  11	    9		   15	   255	  0	      1	     1		 0      0         0       0       255     255     255     255     255	//Plate Boots
  11	    5		   15	   255	  0	      1	     1		 0      0         0       0       255     255     255     255     255	//Leather Boots
  12	    12		   15	   255	  0	      0	     0		 0      0         0       0       255     255     255     255     255	//Orb of Rageful Blow
  12	    13		   15	   255	  0	      0	     0		 0      0         0       0       255     255     255     255     255	//Orb of Impale
  12	    14		   15	   0	  0	      0	     0		 0      0         0       0       255     255     255     255     255	//Orb of Greater Fortitude
  12	    19		   15	   255	  0	      0	     0		 0      0         0       0       255     255     255     255     255	//Orb of Death Stab
  12	    44		   15	   0	  0	      0	     0		 0      0         0       0       255     255     255     255     255	//Crystal of Destruction
  0	        13		   15	   255	  1	      1	     1		 0      0         0       0       255     255     255     255     255	//Double Blade
  0	        11		   15	   255	  1	      1	     1		 0      0         0       0       255     255     255     255     255	//Legendary Sword
  0	        6		   15	   255	  1	      1	     1		 0      0         0       0       255     255     255     255     255	//Gladius
  1	        2		   15	   255	  1	      1	     1		 0      0         0       0       255     255     255     255     255	//Double Axe
  0	        16		   15	   255	  1	      1	     1		 0      0         0       0       255     255     255     255     255	//Sword of Destruction
  13	    0		   15	   255	  0	      0	     0		 0      0         0       0       255     255     255     255     255	//Guardian Angel
  12	    7		   15	   255	  0	      0	     0		 0      0         0       0       255     255     255     255     255	//Orb of Twisting Slash
  13	    1		   15	   255	  0	      0	     0		 0      0         0       0       255     255     255     255     255	//Imp 
end
