//----------------------------------------------------------------------------------------------------------------
//->>  MSPro - MuServerPro Team - Desarrollos de MUOnline
//->>  Web: wwww.muserverpro.com
//->>  FB: @mspromu
//->>  © 2020 - 2022 MuServerPro Team
//----------------------------------------------------------------------------------------------------------------

//==============
// [Ref-1]
//==============
// Type 	= 0 Mastery 1 Value 2 Value 3 Value.

//==============
// [Ref-2]
//==============
// Class	= -1 All - 0 DW - 1 DK - 2 FE - 3 MG - 4 DL - 5 SU - 6 RF

0
//------------
//Free Account
//---------------------------------------------------------------------------------------------------------------------------------------------
// [Ref-1] [-1/Number]  [Ref-2] [0~15]  [0~512] [0~99999]  [0~15]   [0~1]   [0~1]   [0~7] [0~63] [0/1~2][254 Open/255 Clossed - 200~246 Types] 
// Type	   MapNumber	Class	Cat	    Index	Amount	   Level	Luck	Skill	Opt	  Exc	 Anc    Socket1 Socket2 Socket3 Socket4 Socket5
//---------------------------------------------------------------------------------------------------------------------------------------------
//DW
	0		-1	        0		7		3	    600		   15		1		0	    7	  63	 0	    255	    255	    255	    255	    255 // 
	0		-1	        0		8		3	    600		   15		1		0	    7	  63	 0	    255	    255	    255	    255	    255 // 
	0		-1	        0		9		3	    600		   15		1		0	    7	  63	 0	    255	    255	    255	    255	    255 // 
	0		-1	        0		10		3	    600		   15		1		0	    7	  63	 0	    255	    255	    255	    255	    255 // 
	0		-1	        0		11		3	    600		   15		1		0	    7	  63	 0	    255	    255	    255	    255	    255 //
//DK                                                                                                                                    
	0		-1	        1		7		1	    600		   15		1		0	    7	  63	 0	    255	    255	    255	    255	    255 // 
	0		-1	        1		8		1	    600		   15		1		0	    7	  63	 0	    255	    255	    255	    255	    255 //
	0		-1	        1		9		1	    600		   15		1		0	    7	  63	 0	    255	    255	    255	    255	    255 //
	0		-1	        1		10		1	    600		   15		1		0	    7	  63	 0	    255	    255	    255	    255	    255 //
	0		-1	        1		11		1	    600		   15		1		0	    7	  63	 0	    255	    255	    255	    255	    255 //
//FE	                                                                                                                                
	0		-1	        2		7		7	    600		   15		1		0	    7	  63	 0	    255	    255	    255	    255	    255 //
	0		-1	        2		8		7	    600		   15		1		0	    7	  63	 0	    255	    255	    255	    255	    255 //	
	0		-1	        2		9		7	    600		   15		1		0	    7	  63	 0	    255	    255	    255	    255	    255 //	
	0		-1	        2		10		7	    600		   15		1		0	    7	  63	 0	    255	    255	    255	    255	    255 //	
	0		-1	        2		11		7	    600		   15		1		0	    7	  63	 0	    255	    255	    255	    255	    255 //	
//MG		                                                                                                                            
	0		-1	        3		8		20	    600		   15		1		0	    7	  63	 0	    255	    255	    255	    255	    255 // 	
	0		-1	        3		9		20	    600		   15		1		0	    7	  63	 0	    255	    255	    255	    255	    255 // 	
	0		-1	        3		10		20	    600		   15		1		0	    7	  63	 0	    255	    255	    255	    255	    255 // 	
	0		-1	        3		11		20	    600		   15		1		0	    7	  63	 0	    255	    255	    255	    255	    255 //	
//DL	                                                                                                                                
	0		-1	        4		7		25	    600		   15		1		0	    7	  63	 0	    255	    255	    255	    255	    255 // 	
	0		-1	        4		8		25	    600		   15		1		0	    7	  63	 0	    255	    255	    255	    255	    255 //	
	0		-1	        4		9		25	    600		   15		1		0	    7	  63	 0	    255	    255	    255	    255	    255 //	
	0		-1	        4		10		25	    600		   15		1		0	    7	  63	 0	    255	    255	    255	    255	    255 //	
	0		-1	        4		11		25	    600		   15		1		0	    7	  63	 0	    255	    255	    255	    255	    255 //	
//SUM	                                                                                                                                
	0		-1	        5		7		40	    600		   15		1		0	    7	  63	 0	    255	    255	    255	    255	    255 // 	
	0		-1	        5		8		40	    600		   15		1		0	    7	  63	 0	    255	    255	    255	    255	    255 // 	
	0		-1	        5		9		40	    600		   15		1		0	    7	  63	 0	    255	    255	    255	    255	    255 //	
	0		-1	        5		10		40	    600		   15		1		0	    7	  63	 0	    255	    255	    255	    255	    255 //	
	0		-1	        5		11		40	    600		   15		1		0	    7	  63	 0	    255	    255	    255	    255	    255 //	
//RF	                                                                                                                                
	0		-1	        6		7		59	    600		   15		1		0	    7	  63	 0	    255	    255	    255	    255	    255 // 	
	0		-1	        6		8		59	    600		   15		1		0	    7	  63	 0	    255	    255	    255	    255	    255 // 	
	0		-1	        6		9		59	    600		   15		1		0	    7	  63	 0	    255	    255	    255	    255	    255 //	
	0		-1	        6		11		59	    600		   15		1		0	    7	  63	 0	    255	    255	    255	    255	    255 //		
end

1
//------------
//Vip1 Account
//---------------------------------------------------------------------------------------------------------------------------------------------
// [Ref-1] [-1/Number]  [Ref-2] [0~15]  [0~512] [0~99999]  [0~15]   [0~1]   [0~1]   [0~7] [0~63] [0/1~2][254 Open/255 Clossed - 200~246 Types] 
// Type	   MapNumber	Class	Cat	    Index	Amount	   Level	Luck	Skill	Opt	  Exc	 Anc    Socket1 Socket2 Socket3 Socket4 Socket5
//---------------------------------------------------------------------------------------------------------------------------------------------
//DW
	0		-1	        0		7		3	    600		   15		1		0	    7	  63	 0	    255	    255	    255	    255	    255 // 
	0		-1	        0		8		3	    600		   15		1		0	    7	  63	 0	    255	    255	    255	    255	    255 // 
	0		-1	        0		9		3	    600		   15		1		0	    7	  63	 0	    255	    255	    255	    255	    255 // 
	0		-1	        0		10		3	    600		   15		1		0	    7	  63	 0	    255	    255	    255	    255	    255 // 
	0		-1	        0		11		3	    600		   15		1		0	    7	  63	 0	    255	    255	    255	    255	    255 //
//DK                                                                                                                                    
	0		-1	        1		7		1	    600		   15		1		0	    7	  63	 0	    255	    255	    255	    255	    255 // 
	0		-1	        1		8		1	    600		   15		1		0	    7	  63	 0	    255	    255	    255	    255	    255 //
	0		-1	        1		9		1	    600		   15		1		0	    7	  63	 0	    255	    255	    255	    255	    255 //
	0		-1	        1		10		1	    600		   15		1		0	    7	  63	 0	    255	    255	    255	    255	    255 //
	0		-1	        1		11		1	    600		   15		1		0	    7	  63	 0	    255	    255	    255	    255	    255 //
//FE	                                                                                                                                
	0		-1	        2		7		7	    600		   15		1		0	    7	  63	 0	    255	    255	    255	    255	    255 //
	0		-1	        2		8		7	    600		   15		1		0	    7	  63	 0	    255	    255	    255	    255	    255 //	
	0		-1	        2		9		7	    600		   15		1		0	    7	  63	 0	    255	    255	    255	    255	    255 //	
	0		-1	        2		10		7	    600		   15		1		0	    7	  63	 0	    255	    255	    255	    255	    255 //	
	0		-1	        2		11		7	    600		   15		1		0	    7	  63	 0	    255	    255	    255	    255	    255 //	
//MG		                                                                                                                            
	0		-1	        3		8		20	    600		   15		1		0	    7	  63	 0	    255	    255	    255	    255	    255 // 	
	0		-1	        3		9		20	    600		   15		1		0	    7	  63	 0	    255	    255	    255	    255	    255 // 	
	0		-1	        3		10		20	    600		   15		1		0	    7	  63	 0	    255	    255	    255	    255	    255 // 	
	0		-1	        3		11		20	    600		   15		1		0	    7	  63	 0	    255	    255	    255	    255	    255 //	
//DL	                                                                                                                                
	0		-1	        4		7		25	    600		   15		1		0	    7	  63	 0	    255	    255	    255	    255	    255 // 	
	0		-1	        4		8		25	    600		   15		1		0	    7	  63	 0	    255	    255	    255	    255	    255 //	
	0		-1	        4		9		25	    600		   15		1		0	    7	  63	 0	    255	    255	    255	    255	    255 //	
	0		-1	        4		10		25	    600		   15		1		0	    7	  63	 0	    255	    255	    255	    255	    255 //	
	0		-1	        4		11		25	    600		   15		1		0	    7	  63	 0	    255	    255	    255	    255	    255 //	
//SUM	                                                                                                                                
	0		-1	        5		7		40	    600		   15		1		0	    7	  63	 0	    255	    255	    255	    255	    255 // 	
	0		-1	        5		8		40	    600		   15		1		0	    7	  63	 0	    255	    255	    255	    255	    255 // 	
	0		-1	        5		9		40	    600		   15		1		0	    7	  63	 0	    255	    255	    255	    255	    255 //	
	0		-1	        5		10		40	    600		   15		1		0	    7	  63	 0	    255	    255	    255	    255	    255 //	
	0		-1	        5		11		40	    600		   15		1		0	    7	  63	 0	    255	    255	    255	    255	    255 //	
//RF	                                                                                                                                
	0		-1	        6		7		59	    600		   15		1		0	    7	  63	 0	    255	    255	    255	    255	    255 // 	
	0		-1	        6		8		59	    600		   15		1		0	    7	  63	 0	    255	    255	    255	    255	    255 // 	
	0		-1	        6		9		59	    600		   15		1		0	    7	  63	 0	    255	    255	    255	    255	    255 //	
	0		-1	        6		11		59	    600		   15		1		0	    7	  63	 0	    255	    255	    255	    255	    255 //		
end

2
//------------
//Vip2 Account
//---------------------------------------------------------------------------------------------------------------------------------------------
// [Ref-1] [-1/Number]  [Ref-2] [0~15]  [0~512] [0~99999]  [0~15]   [0~1]   [0~1]   [0~7] [0~63] [0/1~2][254 Open/255 Clossed - 200~246 Types] 
// Type	   MapNumber	Class	Cat	    Index	Amount	   Level	Luck	Skill	Opt	  Exc	 Anc    Socket1 Socket2 Socket3 Socket4 Socket5
//---------------------------------------------------------------------------------------------------------------------------------------------
//DW
	0		-1	        0		7		3	    600		   15		1		0	    7	  63	 0	    255	    255	    255	    255	    255 // 
	0		-1	        0		8		3	    600		   15		1		0	    7	  63	 0	    255	    255	    255	    255	    255 // 
	0		-1	        0		9		3	    600		   15		1		0	    7	  63	 0	    255	    255	    255	    255	    255 // 
	0		-1	        0		10		3	    600		   15		1		0	    7	  63	 0	    255	    255	    255	    255	    255 // 
	0		-1	        0		11		3	    600		   15		1		0	    7	  63	 0	    255	    255	    255	    255	    255 //
//DK                                                                                                                                    
	0		-1	        1		7		1	    600		   15		1		0	    7	  63	 0	    255	    255	    255	    255	    255 // 
	0		-1	        1		8		1	    600		   15		1		0	    7	  63	 0	    255	    255	    255	    255	    255 //
	0		-1	        1		9		1	    600		   15		1		0	    7	  63	 0	    255	    255	    255	    255	    255 //
	0		-1	        1		10		1	    600		   15		1		0	    7	  63	 0	    255	    255	    255	    255	    255 //
	0		-1	        1		11		1	    600		   15		1		0	    7	  63	 0	    255	    255	    255	    255	    255 //
//FE	                                                                                                                                
	0		-1	        2		7		7	    600		   15		1		0	    7	  63	 0	    255	    255	    255	    255	    255 //
	0		-1	        2		8		7	    600		   15		1		0	    7	  63	 0	    255	    255	    255	    255	    255 //	
	0		-1	        2		9		7	    600		   15		1		0	    7	  63	 0	    255	    255	    255	    255	    255 //	
	0		-1	        2		10		7	    600		   15		1		0	    7	  63	 0	    255	    255	    255	    255	    255 //	
	0		-1	        2		11		7	    600		   15		1		0	    7	  63	 0	    255	    255	    255	    255	    255 //	
//MG		                                                                                                                            
	0		-1	        3		8		20	    600		   15		1		0	    7	  63	 0	    255	    255	    255	    255	    255 // 	
	0		-1	        3		9		20	    600		   15		1		0	    7	  63	 0	    255	    255	    255	    255	    255 // 	
	0		-1	        3		10		20	    600		   15		1		0	    7	  63	 0	    255	    255	    255	    255	    255 // 	
	0		-1	        3		11		20	    600		   15		1		0	    7	  63	 0	    255	    255	    255	    255	    255 //	
//DL	                                                                                                                                
	0		-1	        4		7		25	    600		   15		1		0	    7	  63	 0	    255	    255	    255	    255	    255 // 	
	0		-1	        4		8		25	    600		   15		1		0	    7	  63	 0	    255	    255	    255	    255	    255 //	
	0		-1	        4		9		25	    600		   15		1		0	    7	  63	 0	    255	    255	    255	    255	    255 //	
	0		-1	        4		10		25	    600		   15		1		0	    7	  63	 0	    255	    255	    255	    255	    255 //	
	0		-1	        4		11		25	    600		   15		1		0	    7	  63	 0	    255	    255	    255	    255	    255 //	
//SUM	                                                                                                                                
	0		-1	        5		7		40	    600		   15		1		0	    7	  63	 0	    255	    255	    255	    255	    255 // 	
	0		-1	        5		8		40	    600		   15		1		0	    7	  63	 0	    255	    255	    255	    255	    255 // 	
	0		-1	        5		9		40	    600		   15		1		0	    7	  63	 0	    255	    255	    255	    255	    255 //	
	0		-1	        5		10		40	    600		   15		1		0	    7	  63	 0	    255	    255	    255	    255	    255 //	
	0		-1	        5		11		40	    600		   15		1		0	    7	  63	 0	    255	    255	    255	    255	    255 //	
//RF	                                                                                                                                
	0		-1	        6		7		59	    600		   15		1		0	    7	  63	 0	    255	    255	    255	    255	    255 // 	
	0		-1	        6		8		59	    600		   15		1		0	    7	  63	 0	    255	    255	    255	    255	    255 // 	
	0		-1	        6		9		59	    600		   15		1		0	    7	  63	 0	    255	    255	    255	    255	    255 //	
	0		-1	        6		11		59	    600		   15		1		0	    7	  63	 0	    255	    255	    255	    255	    255 //		
end
3
//------------
//Vip3 Account
//---------------------------------------------------------------------------------------------------------------------------------------------
// [Ref-1] [-1/Number]  [Ref-2] [0~15]  [0~512] [0~99999]  [0~15]   [0~1]   [0~1]   [0~7] [0~63] [0/1~2][254 Open/255 Clossed - 200~246 Types] 
// Type	   MapNumber	Class	Cat	    Index	Amount	   Level	Luck	Skill	Opt	  Exc	 Anc    Socket1 Socket2 Socket3 Socket4 Socket5
//---------------------------------------------------------------------------------------------------------------------------------------------
//DW
	0		-1	        0		7		3	    600		   15		1		0	    7	  63	 0	    255	    255	    255	    255	    255 // 
	0		-1	        0		8		3	    600		   15		1		0	    7	  63	 0	    255	    255	    255	    255	    255 // 
	0		-1	        0		9		3	    600		   15		1		0	    7	  63	 0	    255	    255	    255	    255	    255 // 
	0		-1	        0		10		3	    600		   15		1		0	    7	  63	 0	    255	    255	    255	    255	    255 // 
	0		-1	        0		11		3	    600		   15		1		0	    7	  63	 0	    255	    255	    255	    255	    255 //
//DK                                                                                                                                    
	0		-1	        1		7		1	    600		   15		1		0	    7	  63	 0	    255	    255	    255	    255	    255 // 
	0		-1	        1		8		1	    600		   15		1		0	    7	  63	 0	    255	    255	    255	    255	    255 //
	0		-1	        1		9		1	    600		   15		1		0	    7	  63	 0	    255	    255	    255	    255	    255 //
	0		-1	        1		10		1	    600		   15		1		0	    7	  63	 0	    255	    255	    255	    255	    255 //
	0		-1	        1		11		1	    600		   15		1		0	    7	  63	 0	    255	    255	    255	    255	    255 //
//FE	                                                                                                                                
	0		-1	        2		7		7	    600		   15		1		0	    7	  63	 0	    255	    255	    255	    255	    255 //
	0		-1	        2		8		7	    600		   15		1		0	    7	  63	 0	    255	    255	    255	    255	    255 //	
	0		-1	        2		9		7	    600		   15		1		0	    7	  63	 0	    255	    255	    255	    255	    255 //	
	0		-1	        2		10		7	    600		   15		1		0	    7	  63	 0	    255	    255	    255	    255	    255 //	
	0		-1	        2		11		7	    600		   15		1		0	    7	  63	 0	    255	    255	    255	    255	    255 //	
//MG		                                                                                                                            
	0		-1	        3		8		20	    600		   15		1		0	    7	  63	 0	    255	    255	    255	    255	    255 // 	
	0		-1	        3		9		20	    600		   15		1		0	    7	  63	 0	    255	    255	    255	    255	    255 // 	
	0		-1	        3		10		20	    600		   15		1		0	    7	  63	 0	    255	    255	    255	    255	    255 // 	
	0		-1	        3		11		20	    600		   15		1		0	    7	  63	 0	    255	    255	    255	    255	    255 //	
//DL	                                                                                                                                
	0		-1	        4		7		25	    600		   15		1		0	    7	  63	 0	    255	    255	    255	    255	    255 // 	
	0		-1	        4		8		25	    600		   15		1		0	    7	  63	 0	    255	    255	    255	    255	    255 //	
	0		-1	        4		9		25	    600		   15		1		0	    7	  63	 0	    255	    255	    255	    255	    255 //	
	0		-1	        4		10		25	    600		   15		1		0	    7	  63	 0	    255	    255	    255	    255	    255 //	
	0		-1	        4		11		25	    600		   15		1		0	    7	  63	 0	    255	    255	    255	    255	    255 //	
//SUM	                                                                                                                                
	0		-1	        5		7		40	    600		   15		1		0	    7	  63	 0	    255	    255	    255	    255	    255 // 	
	0		-1	        5		8		40	    600		   15		1		0	    7	  63	 0	    255	    255	    255	    255	    255 // 	
	0		-1	        5		9		40	    600		   15		1		0	    7	  63	 0	    255	    255	    255	    255	    255 //	
	0		-1	        5		10		40	    600		   15		1		0	    7	  63	 0	    255	    255	    255	    255	    255 //	
	0		-1	        5		11		40	    600		   15		1		0	    7	  63	 0	    255	    255	    255	    255	    255 //	
//RF	                                                                                                                                
	0		-1	        6		7		59	    600		   15		1		0	    7	  63	 0	    255	    255	    255	    255	    255 // 	
	0		-1	        6		8		59	    600		   15		1		0	    7	  63	 0	    255	    255	    255	    255	    255 // 	
	0		-1	        6		9		59	    600		   15		1		0	    7	  63	 0	    255	    255	    255	    255	    255 //	
	0		-1	        6		11		59	    600		   15		1		0	    7	  63	 0	    255	    255	    255	    255	    255 //		
end

9
//-------------------------
// 	Mastery Use Box	(MAX 3)
//----------------------------------------------------------------------------------
// [0~15][1~511] [0~99999999] [             0~100           ] [-1/0~65000 IdItemBag)
// Cat	 Index	 AmountOpen	  RateAL0 RateAL1 RateAL1 RateAL3 ItemBag(Ruud Empy)
//----------------------------------------------------------------------------------
   14	 400	 100          100	 100	 100	 100	  -1
   14	 401	 300          100	 100	 100	 100 	  -1   
   14	 402	 500          100	 100	 100	 100 	  -1   
end

10
//-----------------------------
// Contribution Points Ranges
//------------------------------------------------------
// [0~5]    [0~999999]  [0~999999]  [0~15][1~511] [0~99]
// EventID	MinPoint	MaxPoint	Cat	  Index	  Count
//------------------------------------------------------
//Blood Castle.
   0	    500	        700		    14	  400	  1
   0	    701	        1100	    14	  401	  1
   0	    1101        999999	    14	  402	  1
//Devil Square                                    
   1	    500	        700		    14	  400	  1
   1	    701	        1100	    14	  401	  1
   1	    1101        999999	    14	  402	  1
//Chaos Castle                                    
   2	    500	        700		    14	  400	  1
   2	    701	        1100	    14	  401	  1
   2	    1101        999999	    14	  402	  1
//Ilussion Temple                                 
   3	    500	        700		    14	  400	  1
   3	    701	        1100	    14	  401	  1
   3	    1101        999999	    14	  402	  1
//Imperial Guardian                               
   4	    500	        700		    14	  400	  1
   4	    701	        1100	    14	  401	  1
   4	    1101        999999	    14	  402	  1
//Double Goer                                     
   5	    500	 	    700		    14	  400	  1
   5	    701	 	    1100	    14	  401	  1
   5	    1101 	    999999	    14	  402	  1
end

11
//--------------------------
// 	Win Contribution Points
//-------------------------------------
// [0~5]    [0~1023] [0~999999]
// EventID	MobID	 Points	    Comment
//-------------------------------------
//Blood Castle 1
	0	    84	     1	        //Blood 1
	0	    85	     1	        //Blood 1	
	0	    86	     1	        //Blood 1	
	0	    87	     1	        //Blood 1	
	0	    88	     1	        //Blood 1	
//Blood Castle 2						        
	0	    90	     1	        //Blood 2
	0	    91	     1	        //Blood 2
	0	    92	     1	        //Blood 2
	0	    93	     1	        //Blood 2
	0	    94	     1	        //Blood 2
//Blood Castle 3						        
	0	    96	     1	        //Blood 3
	0	    97	     1	        //Blood 3
	0	    98	     1	        //Blood 3
	0	    99	     1	        //Blood 3
	0	    111	     1	        //Blood 3
//Blood Castle 4						        
	0	    113	     1	        //Blood 4
	0	    114	     1	        //Blood 4
	0	    115	     1	        //Blood 4
	0	    116	     1	        //Blood 4
	0	    117	     1	        //Blood 4
//Blood Castle 5						        
	0	    119	     1	        //Blood 5
	0	    120	     1	        //Blood 5
	0	    121	     1	        //Blood 5
	0	    122	     1	        //Blood 5
	0	    123	     1	        //Blood 5
//Blood Castle 6						        
	0	    125	     1	        //Blood 6		
	0	    126	     1	        //Blood 6
	0	    127	     1	        //Blood 6
	0	    128	     1	        //Blood 6
	0	    129	     1	        //Blood 6
//Blood Castle 7						        
	0	    138	     1	        //Blood 7	
	0	    139	     1	        //Blood 7
	0	    140	     1	        //Blood 7
	0	    141	     1	        //Blood 7
	0	    142	     1	        //Blood 7
//Blood Castle 8						        
	0	    428	     1	        //Blood 8
	0	    429	     1	        //Blood 8
	0	    430	     1	        //Blood 8
	0	    431	     1	        //Blood 8
	0	    432	     1	        //Blood 8
//Blood Castle Oher Moobs				     
	0	    131	     100	    //Castle Gate
	0	    132	     200	    //Statue of Saint
	0	    133	     200	    //Statue of Saint
	0	    134	     200	    //Statue of Saint
//Blood Castle Magic Skeleton				     
	0	    89	     5	        //Magic Skeleton Blood 1	
	0	    95	     5	        //Magic Skeleton Blood 2
	0	    112	     5	        //Magic Skeleton Blood 3
	0	    118	     5	        //Magic Skeleton Blood 4
	0	    124	     5	        //Magic Skeleton Blood 5
	0	    130	     5	        //Magic Skeleton Blood 6
	0	    143	     5	        //Magic Skeleton Blood 7
	0	    433	     5	        //Magic Skeleton Blood 8

//------------------
//Devil Square Rank
//-------------------------------------
// [0~1]    [-1]
// EventID	Ranklvl	 Points	    Comment
//-------------------------------------
	1	    -1	     200	    //Ranking 1
	1	    -2	     150	    //Ranking 2
	1	    -3	     100	    //Ranking 3
//--------------
//Devil Monster
//-------------------------------------
// [1]      [0~1023] [0~999999]
// EventID	MobID	 Points	    Comment
//-------------------------------------
	1	    15	     1
	1	    17	     1
	1	    5	     1
	1	    9	     1
	1	    10	     1
	1	    16	     1
	1	    18	     1
	1	    36	     1
	1	    39	     1
	1	    34	     1
	1	    41	     1
	1	    35	     1
	1	    40	     1
	1	    38	     1
	1	    145	     1
	1	    146	     1
	1	    137	     1
	1	    151	     1
	1	    48	     1
	1	    52	     1
	1	    49	     1
	1	    64	     1
	1	    65	     1
	1	    290	     1
	1	    294	     1
	1	    61	     1
	1	    70	     1
	1	    63	     1
	1	    60	     1
	1	    52	     1
	1	    57	     1
	1	    58	     1
	1	    292	     1
	1	    293	     1
	1	    291	     1
	1	    69	     1
	1	    71	     1
	1	    73	     1
	1	    74	     1
	1	    72	     1
	1	    75	     1
	1	    77	     1
	1	    435	     1
	1	    436	     1
	1	    437	     1
	1	    438	     1
	1	    439	     1
	1	    440	     1
	
//----------------------------------
//Chaos Castle Winner and PlayerKill
//-------------------------------------
// [2]      [-1/-2]  [0~999999]
// EventID  Type     Points     Comment
//-------------------------------------
	2	    -1	     99		    //Win
	2	    -2	     50		    //Player Kill.
//--------------------------------------
// [2]      [0~1023] [0~999999]
// EventID	MobID	 Points	    Comment
//-------------------------------------
	2	    162		 1		    //CC 1
	2	    163		 1		    //CC 1
	2	    166		 1		    //CC 2
	2	    165		 1		    //CC 2
	2	    166		 1		    //CC 3
	2	    167		 1		    //CC 3
	2	    168		 1		    //CC 4
	2	    169		 1		    //CC 4
	2	    170		 1		    //CC 5
	2	    171		 1		    //CC 5
	2	    172		 1		    //CC 6
	2	    173		 1		    //CC 6
	2	    426		 1		    //CC 7
	2	    427		 1		    //CC 7
	
//--------------------------------	
//Ilussion Temple Wing/PlayerSkill
//-------------------------------------
// [3]      [-1/-2]  [0~999999]
// EventID  Type     Points     Comment
//-------------------------------------	
	3	    -1		 200	    //Win Event
	3	    -2		 10			//Player Kill
//-------------------------------------
// [3]      [0~1023] [0~999999]
// EventID	MobID	 Points	    Comment
//-------------------------------------	
    3	    380	     30         //Statue
	3	    386	     1	        //Moob Ilussion
	3	    387	     1	        //Moob Ilussion
	3	    388	     1	        //Moob Ilussion
	3	    389	     1	        //Moob Ilussion
	3	    390	     1	        //Moob Ilussion
	3	    391	     1	        //Moob Ilussion
	3	    392	     1	        //Moob Ilussion
	3	    393	     1	        //Moob Ilussion
	3	    394	     1	        //Moob Ilussion
	3	    395	     1	        //Moob Ilussion
	3	    396	     1	        //Moob Ilussion
	3	    397	     1	        //Moob Ilussion
	3	    398	     1	        //Moob Ilussion
	3	    399	     1	        //Moob Ilussion
	3	    400	     1	        //Moob Ilussion
	3	    401	     1	        //Moob Ilussion
	3	    402	     1	        //Moob Ilussion
	3	    403	     1	        //Moob Ilussion
	
//------------------
//Imperial Guardian
//-------------------------------------
// [4]      [0~1023] [0~999999]
// EventID	MobID	 Points	    Comment
//-------------------------------------
	4	    518	     10	        //Shield Bearer
	4	    519	     10	        //Medic
	4	    520	     10	        //Medic
	4	    521	     10	        //Bodyguard
//Moobs						        
	4	    512	     10	        //Quartermaster
	4	    513	     10	        //Combat Instructor
	4	    514	     10	        //Combat Instructor
	4	    515	     10	        //Grand Wizard
	4	    516	     10	        //Master Assassin
	4	    517	     10	        //Cavalry Captain
//Side Boss						        
	4	    505	     10	        //Jerint
	4	    506	     10	        //Raymond
	4	    507	     10	        //Erkanne
	4	    508	     10	        //Destler
	4	    509	     10	        //Vermont
	4	    510	     10	        //Kato
	4	    511	     10	        //Galia
//Mian Boss
	4	    504	     100	    //Gaion Kharein

//------------------------------
//Double Goer Win and playerkill
//-------------------------------------
// [5]      [-1/-2]  [0~999999]
// EventID  Type     Points     Comment
//-------------------------------------	
   5	    -1	     200	    //Win Event
   5	    -2	     10		    //Player Kill
//-------------------------------------
// [5]      [0~1023] [0~999999]
// EventID	MobID	 Points	    Comment
//-------------------------------------
   5	    533		 2		    //Doppelganger"
   5	    534		 2		    //Doppelganger Elf
   5	    535		 2		    //Doppelganger Knight
   5	    536		 2		    //Doppelganger Wizard
   5	    537		 2		    //Doppelganger Magic Gladiator
   5	    538		 2		    //Doppelganger Dark Lord
   5	    539		 2		    //Doppelganger Summoner
   5	    531		 100	    //Ice Walker
   5	    530		 100	    //Slaughterer
end