//-----------------------------------------------------------------------------------------------------------------
//->>  MSPro - MuServerPro Team - Desarrollos de MUOnline
//->>  Web: wwww.muserverpro.com 
//->>  FB: @mspromu
//->>  2020 -2023 MuServerPro Team
//-----------------------------------------------------------------------------------------------------------------

//---------------------------------------------------------------------------------------------------------------------------------------------------------------------------------
// [0~114]     [1~255]       [1~255]       [1~255]     [1~255]     [*/Num]    [*/Num]    [*/Num]    [*/Num]   [0~3] 		[* / 0~6]       [       0~999999999      ]			[0~2000000000]
// MapNumber   RangeStartX   RangeStartY   RangeEndX   RangeEndY   MinLevel   MaxLevel   MinReset   MaxReset  AccountLevel	Max PKLevel		WC			WP			GP			Zen
//---------------------------------------------------------------------------------------------------------------------------------------------------------------------------------
   0           1             1             255         255         1          400        *          *         0				*				0			0			0			0
   1           1             1             255         255         1          400        *          *         0				*				0			0			0			0
   2           1             1             255         255         1          400        *          *         0				*				0			0			0			0
   3           1             1             255         255         1          400        *          *         0				*				0			0			0			0
   4           1             1             255         255         1          400        *          *         0				*				0			0			0			0
   5           1             1             255         255         1          400        *          *         0				*				0			0			0			0
   6           1             1             255         255         1          400        *          *         0				*				0			0			0			0
   7           1             1             255         255         1          400        *          *         0				*				0			0			0			0
   8           1             1             255         255         1          400        *          *         0				*				0			0			0			0
   10          1             1             255         255         1          400        *          *         0				*				0			0			0			0
   30          1             1             255         255         1          400        *          *         0				*				0			0			0			0
   33          1             1             255         255         1          400        *          *         0				*				0			0			0			0
   34          1             1             255         255         1          400        *          *         0				*				0			0			0			0
   37          1             1             255         255         1          400        *          *         0				*				0			0			0			0
   38          1             1             255         255         1          400        *          *         0				*				0			0			0			0
   41          1             1             255         255         1          400        *          *         0				*				0			0			0			0
   42          1             1             255         255         1          400        *          *         0				*				0			0			0			0
   51          1             1             255         255         1          400        *          *         0				*				0			0			0			0
   56          1             1             255         255         1          400        *          *         0				*				0			0			0			0
   57          1             1             255         255         1          400        *          *         0				*				0			0			0			0
   80          1             1             255         255         1          400        *          *         0				*				0			0			0			0
   81          1             1             255         255         1          400        *          *         0				*				0			0			0			0
   82          1             1             255         255         1          400        *          *         0				*				0			0			0			0
   83          1             1             255         255         1          400        *          *         0				*				0			0			0			0
   84          1             1             255         255         1          400        *          *         0				*				0			0			0			0
   85          1             1             255         255         1          400        *          *         0				*				0			0			0			0
   86          1             1             255         255         1          400        *          *         0				*				0			0			0			0
   87          1             1             255         255         1          400        *          *         0				*				0			0			0			0
   88          1             1             255         255         1          400        *          *         0				*				0			0			0			0
   89          1             1             255         255         1          400        *          *         0				*				0			0			0			0
   90          1             1             255         255         1          400        *          *         0				*				0			0			0			0
   91          1             1             255         255         1          400        *          *         0				*				0			0			0			0
   92          1             1             255         255         1          400        *          *         0				*				0			0			0			0
   93          1             1             255         255         1          400        *          *         0				*				0			0			0			0
   94          1             1             255         255         1          400        *          *         0				*				0			0			0			0
   95          1             1             255         255         1          400        *          *         0				*				0			0			0			0
   96          1             1             255         255         1          400        *          *         0				*				0			0			0			0
   97          1             1             255         255         1          400        *          *         0				*				0			0			0			0
   98          1             1             255         255         1          400        *          *         0				*				0			0			0			0
   99          1             1             255         255         1          400        *          *         0				*				0			0			0			0
   100         1             1             255         255         1          400        *          *         0				*				0			0			0			0
   101         1             1             255         255         1          400        *          *         0				*				0			0			0			0
   102         1             1             255         255         1          400        *          *         0				*				0			0			0			0
   103         1             1             255         255         1          400        *          *         0				*				0			0			0			0
   104         1             1             255         255         1          400        *          *         0				*				0			0			0			0
   105         1             1             255         255         1          400        *          *         0				*				0			0			0			0
   106         1             1             255         255         1          400        *          *         0				*				0			0			0			0
   107         1             1             255         255         1          400        *          *         0				*				0			0			0			0
   108         1             1             255         255         1          400        *          *         0				*				0			0			0			0
   109         1             1             255         255         1          400        *          *         0				*				0			0			0			0
   110         1             1             255         255         1          400        *          *         0				*				0			0			0			0
   111         1             1             255         255         1          400        *          *         0				*				0			0			0			0
   112         1             1             255         255         1          400        *          *         0				*				0			0			0			0
   113         1             1             255         255         1          400        *          *         0				*				0			0			0			0
   114         1             1             255         255         1          400        *          *         0				*				0			0			0			0
end