//|================================================================|
//| Zythe CashShop Editor                                          |
//| Credit: Zyth3/louis                          [skype:tec-facil] |
//|================================================================|
//ID	Number	Value	Item	Level	Skill	Luck	Option	ExOpt	AncOp	JOH	Oexe	Socket1	Socket2	Socket3	Socket4	Socket5	Qtd	Duration	Comment
1000	1000	500	3584	9	1	1	0	63	0	0	0	255	255	255	255	255	0	0	// Bronze Helm (1 UN)
1010	1010	500	3585	9	1	1	0	63	0	0	0	255	255	255	255	255	0	0	// Dragon Helm (1 UN)
1020	1020	500	3586	9	1	1	0	63	0	0	0	255	255	255	255	255	0	0	// Pad Helm (1 UN)
1030	1030	500	3587	9	1	1	0	63	0	0	0	255	255	255	255	255	0	0	// Legendary Helm (1 UN)
1040	1040	500	3588	9	1	1	0	63	0	0	0	255	255	255	255	255	0	0	// Bone Helm (1 UN)
1050	1050	500	3589	9	1	1	0	63	0	0	0	255	255	255	255	255	0	0	// Leather Helm (1 UN)
1060	1060	500	3590	9	1	1	0	63	0	0	0	255	255	255	255	255	0	0	// Scale Helm (1 UN)
1070	1070	500	3591	9	1	1	0	63	0	0	0	255	255	255	255	255	0	0	// Sphinx Mask (1 UN)
1080	1080	500	3592	9	1	1	0	63	0	0	0	255	255	255	255	255	0	0	// Brass Helm (1 UN)
1090	1090	500	3593	9	1	1	0	63	0	0	0	255	255	255	255	255	0	0	// Plate Helm (1 UN)
1100	1100	500	3594	9	1	1	0	63	0	0	0	255	255	255	255	255	0	0	// Vine Helm (1 UN)
1110	1110	500	3595	9	1	1	0	63	0	0	0	255	255	255	255	255	0	0	// Silk Helm (1 UN)
1120	1120	500	3596	9	1	1	0	63	0	0	0	255	255	255	255	255	0	0	// Wind Helm (1 UN)
1130	1130	500	3597	9	1	1	0	63	0	0	0	255	255	255	255	255	0	0	// Spirit Helm (1 UN)
1140	1140	500	3598	9	1	1	0	63	0	0	0	255	255	255	255	255	0	0	// Guardian Helm (1 UN)
1150	1150	500	3600	9	1	1	0	63	0	0	0	255	255	255	255	255	0	0	// Black Dragon Helm (1 UN)
1160	1160	500	3601	9	1	1	0	63	0	0	0	255	255	255	255	255	0	0	// Dark Phoenix Helm (1 UN)
1170	1170	500	3602	9	1	1	0	63	0	0	0	255	255	255	255	255	0	0	// Grand Soul Helm (1 UN)
1180	1180	500	3603	9	1	1	0	63	0	0	0	255	255	255	255	255	0	0	// Holy Spirit Helm (1 UN)
1190	1190	500	3605	9	1	1	0	63	0	0	0	255	255	255	255	255	0	0	// Great Dragon Helm (1 UN)
1200	1200	500	3606	9	1	1	0	63	0	0	0	255	255	255	255	255	0	0	// Dark Soul Helm (1 UN)
1210	1210	500	3608	9	1	1	0	63	0	0	0	255	255	255	255	255	0	0	// Red Spirit Helm (1 UN)
1220	1220	500	3609	9	1	1	0	63	0	0	0	255	255	255	255	255	0	0	// Light Plate Mask (1 UN)
1230	1230	500	3610	9	1	1	0	63	0	0	0	255	255	255	255	255	0	0	// Adamantine Mask (1 UN)
1240	1240	500	3611	9	1	1	0	63	0	0	0	255	255	255	255	255	0	0	// Dark Steel Mask (1 UN)
1250	1250	500	3612	9	1	1	0	63	0	0	0	255	255	255	255	255	0	0	// Dark Master Mask (1 UN)
1260	1260	1000	3613	9	1	1	0	63	0	0	0	255	255	255	255	255	0	0	// Dragon Knight Helm (1 UN)
1270	1270	1000	3614	9	1	1	0	63	0	0	0	255	255	255	255	255	0	0	// Venom Mist Helm (1 UN)
1280	1280	1000	3615	9	1	1	0	63	0	0	0	255	255	255	255	255	0	0	// Sylphid Ray Helm (1 UN)
1290	1290	1000	3617	9	1	1	0	63	0	0	0	255	255	255	255	255	0	0	// Sunlight Mask (1 UN)
1300	1300	1000	3618	9	1	1	0	63	0	0	0	255	255	255	255	255	0	0	// Ashcrow Helm (1 UN)
1310	1310	1000	3619	9	1	1	0	63	0	0	0	255	255	255	255	255	0	0	// Eclipse Helm (1 UN)
1320	1320	1000	3620	9	1	1	0	63	0	0	0	255	255	255	255	255	0	0	// Iris Helm (1 UN)
1330	1330	1000	3622	9	1	1	0	63	0	0	0	255	255	255	255	255	0	0	// Glorious Mask (1 UN)
1340	1340	1000	3623	9	1	1	0	63	0	0	0	255	255	255	255	255	0	0	// Violent Wind Helm (1 UN)
1350	1350	1000	3624	9	1	1	0	63	0	0	0	255	255	255	255	255	0	0	// Red Wing Helm (1 UN)
1360	1360	1000	3625	9	1	1	0	63	0	0	0	255	255	255	255	255	0	0	// Ancient Helm (1 UN)
1370	1370	1000	3626	9	1	1	0	63	0	0	0	255	255	255	255	255	0	0	// Demonic Helm (1 UN)
1380	1380	1000	3627	9	1	1	0	63	0	0	0	255	255	255	255	255	0	0	// Storm Blitz Helm (1 UN)
1390	1390	1000	3628	9	1	1	0	63	0	0	0	255	255	255	255	255	0	0	// Eternal Wing Helm (1 UN)
1400	1400	1500	3629	9	1	1	0	63	0	0	0	255	255	255	255	255	0	0	// Titan  Helm (1 UN)
1410	1410	1500	3630	9	1	1	0	63	0	0	0	255	255	255	255	255	0	0	// Brave Helm (1 UN)
1420	1420	1500	3633	9	1	1	0	63	0	0	0	255	255	255	255	255	0	0	// Seraphim Helm (1 UN)
1430	1430	1500	3634	9	1	1	0	63	0	0	0	255	255	255	255	255	0	0	// Divine Helm (1 UN)
1440	1440	1500	3635	9	1	1	0	63	0	0	0	255	255	255	255	255	0	0	// Royal Mask (1 UN)
1450	1450	1500	3636	9	1	1	0	63	0	0	0	255	255	255	255	255	0	0	// Hades Helm (1 UN)
1460	1460	500	3643	9	1	1	0	63	0	0	0	255	255	255	255	255	0	0	// Sacred Fire Helm (1 UN)
1470	1470	1000	3645	9	1	1	0	63	0	0	0	255	255	255	255	255	0	0	// Piercing Groove Helm (1 UN)
1480	1480	1500	3657	9	1	1	0	63	0	0	0	255	255	255	255	255	0	0	// Phoenix Soul Helmet (1 UN)
1490	1490	500	4096	9	1	1	0	63	0	0	0	255	255	255	255	255	0	0	// Bronze Armor (1 UN)
1500	1500	500	4097	9	1	1	0	63	0	0	0	255	255	255	255	255	0	0	// Dragon Armor (1 UN)
1510	1510	500	4098	9	1	1	0	63	0	0	0	255	255	255	255	255	0	0	// Pad Armor (1 UN)
1520	1520	500	4099	9	1	1	0	63	0	0	0	255	255	255	255	255	0	0	// Legendary Armor (1 UN)
1530	1530	500	4100	9	1	1	0	63	0	0	0	255	255	255	255	255	0	0	// Bone Armor (1 UN)
1540	1540	500	4101	9	1	1	0	63	0	0	0	255	255	255	255	255	0	0	// Leather Armor (1 UN)
1550	1550	500	4102	9	1	1	0	63	0	0	0	255	255	255	255	255	0	0	// Scale Armor (1 UN)
1560	1560	500	4103	9	1	1	0	63	0	0	0	255	255	255	255	255	0	0	// Sphinx Armor (1 UN)
1570	1570	500	4104	9	1	1	0	63	0	0	0	255	255	255	255	255	0	0	// Brass Armor (1 UN)
1580	1580	500	4105	9	1	1	0	63	0	0	0	255	255	255	255	255	0	0	// Plate Armor (1 UN)
1590	1590	500	4106	9	1	1	0	63	0	0	0	255	255	255	255	255	0	0	// Vine Armor (1 UN)
1600	1600	500	4107	9	1	1	0	63	0	0	0	255	255	255	255	255	0	0	// Silk Armor (1 UN)
1610	1610	500	4108	9	1	1	0	63	0	0	0	255	255	255	255	255	0	0	// Wind Armor (1 UN)
1620	1620	500	4109	9	1	1	0	63	0	0	0	255	255	255	255	255	0	0	// Spirit Armor (1 UN)
1630	1630	500	4110	9	1	1	0	63	0	0	0	255	255	255	255	255	0	0	// Guardian Armor (1 UN)
1640	1640	500	4111	9	1	1	0	63	0	0	0	255	255	255	255	255	0	0	// Storm Crow Armor (1 UN)
1650	1650	500	4112	9	1	1	0	63	0	0	0	255	255	255	255	255	0	0	// Black Dragon Armor (1 UN)
1660	1660	500	4113	9	1	1	0	63	0	0	0	255	255	255	255	255	0	0	// Dark Phoenix Armor (1 UN)
1670	1670	500	4114	9	1	1	0	63	0	0	0	255	255	255	255	255	0	0	// Grand Soul Armor (1 UN)
1680	1680	500	4115	9	1	1	0	63	0	0	0	255	255	255	255	255	0	0	// Holy Spirit Armor (1 UN)
1690	1690	500	4116	9	1	1	0	63	0	0	0	255	255	255	255	255	0	0	// Thunder Hawk Armor (1 UN)
1700	1700	500	4117	9	1	1	0	63	0	0	0	255	255	255	255	255	0	0	// Great Dragon Armor (1 UN)
1710	1710	500	4118	9	1	1	0	63	0	0	0	255	255	255	255	255	0	0	// Dark Soul Armor (1 UN)
1720	1720	500	4119	9	1	1	0	63	0	0	0	255	255	255	255	255	0	0	// Hurricane Armor (1 UN)
1730	1730	500	4120	9	1	1	0	63	0	0	0	255	255	255	255	255	0	0	// Red Sprit Armor (1 UN)
1740	1740	500	4121	9	1	1	0	63	0	0	0	255	255	255	255	255	0	0	// Light Plate Armor (1 UN)
1750	1750	500	4122	9	1	1	0	63	0	0	0	255	255	255	255	255	0	0	// Adamantine Armor (1 UN)
1760	1760	500	4123	9	1	1	0	63	0	0	0	255	255	255	255	255	0	0	// Dark Steel Armor (1 UN)
1770	1770	500	4124	9	1	1	0	63	0	0	0	255	255	255	255	255	0	0	// Dark Master Armor (1 UN)
1780	1780	500	4155	9	1	1	0	63	0	0	0	255	255	255	255	255	0	0	// Sacred Fire Armor (1 UN)
1790	1790	1000	4125	9	1	1	0	63	0	0	0	255	255	255	255	255	0	0	// Dragon Knight Armor (1 UN)
1800	1800	1000	4126	9	1	1	0	63	0	0	0	255	255	255	255	255	0	0	// Venom Mist Armor (1 UN)
1810	1810	1000	4127	9	1	1	0	63	0	0	0	255	255	255	255	255	0	0	// Sylphid Ray Armor (1 UN)
1820	1820	1000	4128	9	1	1	0	63	0	0	0	255	255	255	255	255	0	0	// Volcano Armor (1 UN)
1830	1830	1000	4129	9	1	1	0	63	0	0	0	255	255	255	255	255	0	0	// Sunlight Armor (1 UN)
1840	1840	1000	4130	9	1	1	0	63	0	0	0	255	255	255	255	255	0	0	// Ashcrow Armor (1 UN)
1850	1850	1000	4132	9	1	1	0	63	0	0	0	255	255	255	255	255	0	0	// Iris Armor (1 UN)
1860	1860	1000	4131	9	1	1	0	63	0	0	0	255	255	255	255	255	0	0	// Eclipse Armor (1 UN)
1870	1870	1000	4133	9	1	1	0	63	0	0	0	255	255	255	255	255	0	0	// Valiant Armor (1 UN)
1880	1880	1000	4134	9	1	1	0	63	0	0	0	255	255	255	255	255	0	0	// Glorious Armor (1 UN)
1890	1890	1000	4135	9	1	1	0	63	0	0	0	255	255	255	255	255	0	0	// Violent Wind Armor (1 UN)
1900	1900	1000	4136	9	1	1	0	63	0	0	0	255	255	255	255	255	0	0	// Red Wing Armor (1 UN)
1910	1910	1000	4137	9	1	1	0	63	0	0	0	255	255	255	255	255	0	0	// Ancient Armor (1 UN)
1920	1920	1000	4138	9	1	1	0	63	0	0	0	255	255	255	255	255	0	0	// Demonic Armor (1 UN)
1930	1930	1000	4139	9	1	1	0	63	0	0	0	255	255	255	255	255	0	0	// Storm Blitz Armor (1 UN)
1940	1940	1000	4140	9	1	1	0	63	0	0	0	255	255	255	255	255	0	0	// Eternal Wing Armor (1 UN)
1950	1950	1000	4157	9	1	1	0	63	0	0	0	255	255	255	255	255	0	0	// Piercing Groove Armor (1 UN)
1960	1960	1500	4141	9	1	1	0	63	0	0	0	255	255	255	255	255	0	0	// Titan  Armor (1 UN)
1970	1970	1500	4142	9	1	1	0	63	0	0	0	255	255	255	255	255	0	0	// Brave Armor (1 UN)
1980	1980	1500	4143	9	1	1	0	63	0	0	0	255	255	255	255	255	0	0	// Phantom  Armor (1 UN)
1990	1990	1500	4144	9	1	1	0	63	0	0	0	255	255	255	255	255	0	0	// Destroy Armor (1 UN)
2000	2000	1500	4145	9	1	1	0	63	0	0	0	255	255	255	255	255	0	0	// Seraphim Armor (1 UN)
2010	2010	1500	4146	9	1	1	0	63	0	0	0	255	255	255	255	255	0	0	// Divine Armor (1 UN)
2020	2020	1500	4147	9	1	1	0	63	0	0	0	255	255	255	255	255	0	0	// Royal Armor (1 UN)
2030	2030	1500	4148	9	1	1	0	63	0	0	0	255	255	255	255	255	0	0	// Hades Armor (1 UN)
2040	2040	1500	4169	9	1	1	0	63	0	0	0	255	255	255	255	255	0	0	// Phoenix Soul Armor (1 UN)
2050	2050	500	4608	9	1	1	0	63	0	0	0	255	255	255	255	255	0	0	// Bronze Pants (1 UN)
2060	2060	500	4609	9	1	1	0	63	0	0	0	255	255	255	255	255	0	0	// Dragon Pants (1 UN)
2070	2070	500	4610	9	1	1	0	63	0	0	0	255	255	255	255	255	0	0	// Pad Pants (1 UN)
2080	2080	500	4611	9	1	1	0	63	0	0	0	255	255	255	255	255	0	0	// Legendary Pants (1 UN)
2090	2090	500	4612	9	1	1	0	63	0	0	0	255	255	255	255	255	0	0	// Bone Pants (1 UN)
2100	2100	500	4613	9	1	1	0	63	0	0	0	255	255	255	255	255	0	0	// Leather Pants (1 UN)
2110	2110	500	4614	9	1	1	0	63	0	0	0	255	255	255	255	255	0	0	// Scale Pants (1 UN)
2120	2120	500	4615	9	1	1	0	63	0	0	0	255	255	255	255	255	0	0	// Sphinx Pants (1 UN)
2130	2130	500	4616	9	1	1	0	63	0	0	0	255	255	255	255	255	0	0	// Brass Pants (1 UN)
2140	2140	500	4617	9	1	1	0	63	0	0	0	255	255	255	255	255	0	0	// Plate Pants (1 UN)
2150	2150	500	4618	9	1	1	0	63	0	0	0	255	255	255	255	255	0	0	// Vine Pants (1 UN)
2160	2160	500	4619	9	1	1	0	63	0	0	0	255	255	255	255	255	0	0	// Silk Pants (1 UN)
2170	2170	500	4620	9	1	1	0	63	0	0	0	255	255	255	255	255	0	0	// Wind Pants (1 UN)
2180	2180	500	4621	9	1	1	0	63	0	0	0	255	255	255	255	255	0	0	// Spirit Pants (1 UN)
2190	2190	500	4622	9	1	1	0	63	0	0	0	255	255	255	255	255	0	0	// Guardian Pants (1 UN)
2200	2200	500	4623	9	1	1	0	63	0	0	0	255	255	255	255	255	0	0	// Storm Crow Pants (1 UN)
2210	2210	500	4624	9	1	1	0	63	0	0	0	255	255	255	255	255	0	0	// Black Dragon Pants (1 UN)
2220	2220	500	4625	9	1	1	0	63	0	0	0	255	255	255	255	255	0	0	// Dark Phoenix Pants (1 UN)
2230	2230	500	4626	9	1	1	0	63	0	0	0	255	255	255	255	255	0	0	// Grand Soul Pants (1 UN)
2240	2240	500	4627	9	1	1	0	63	0	0	0	255	255	255	255	255	0	0	// Holy Spirit Pants (1 UN)
2250	2250	500	4628	9	1	1	0	63	0	0	0	255	255	255	255	255	0	0	// Thunder Hawk Pants (1 UN)
2260	2260	500	4629	9	1	1	0	63	0	0	0	255	255	255	255	255	0	0	// Great Dragon Pants (1 UN)
2270	2270	500	4630	9	1	1	0	63	0	0	0	255	255	255	255	255	0	0	// Dark Soul Pants (1 UN)
2280	2280	500	4631	9	1	1	0	63	0	0	0	255	255	255	255	255	0	0	// Hurricane Pants (1 UN)
2290	2290	500	4632	9	1	1	0	63	0	0	0	255	255	255	255	255	0	0	// Red Spirit Pants (1 UN)
2300	2300	500	4633	9	1	1	0	63	0	0	0	255	255	255	255	255	0	0	// Light Plate Pants (1 UN)
2310	2310	500	4634	9	1	1	0	63	0	0	0	255	255	255	255	255	0	0	// Adamantine Pants (1 UN)
2320	2320	500	4635	9	1	1	0	63	0	0	0	255	255	255	255	255	0	0	// Dark Steel Pants (1 UN)
2330	2330	500	4636	9	1	1	0	63	0	0	0	255	255	255	255	255	0	0	// Dark Master Pants (1 UN)
2340	2340	500	4667	9	1	1	0	63	0	0	0	255	255	255	255	255	0	0	// Sacred Fire Pants (1 UN)
2350	2350	1000	4637	9	1	1	0	63	0	0	0	255	255	255	255	255	0	0	// Dragon Knight Pants (1 UN)
2360	2360	1000	4638	9	1	1	0	63	0	0	0	255	255	255	255	255	0	0	// Venom Mist Pants (1 UN)
2370	2370	1000	4639	9	1	1	0	63	0	0	0	255	255	255	255	255	0	0	// Sylphid Ray Pants (1 UN)
2380	2380	1000	4640	9	1	1	0	63	0	0	0	255	255	255	255	255	0	0	// Volcano Pants (1 UN)
2390	2390	1000	4641	9	1	1	0	63	0	0	0	255	255	255	255	255	0	0	// Sunlight Pants (1 UN)
2400	2400	1000	4642	9	1	1	0	63	0	0	0	255	255	255	255	255	0	0	// Ashcrow Pants (1 UN)
2410	2410	1000	4643	9	1	1	0	63	0	0	0	255	255	255	255	255	0	0	// Eclipse Pants (1 UN)
2420	2420	1000	4644	9	1	1	0	63	0	0	0	255	255	255	255	255	0	0	// Iris Pants (1 UN)
2430	2430	1000	4645	9	1	1	0	63	0	0	0	255	255	255	255	255	0	0	// Valiant Pants (1 UN)
2440	2440	1000	4646	9	1	1	0	63	0	0	0	255	255	255	255	255	0	0	// Glorious Pants (1 UN)
2450	2450	1000	4647	9	1	1	0	63	0	0	0	255	255	255	255	255	0	0	// Violent Wind Pants (1 UN)
2460	2460	1000	4648	9	1	1	0	63	0	0	0	255	255	255	255	255	0	0	// Red Wing Pants (1 UN)
2470	2470	1000	4649	9	1	1	0	63	0	0	0	255	255	255	255	255	0	0	// Ancient Pants (1 UN)
2480	2480	1000	4650	9	1	1	0	63	0	0	0	255	255	255	255	255	0	0	// Demonic Pants (1 UN)
2490	2490	1000	4651	9	1	1	0	63	0	0	0	255	255	255	255	255	0	0	// Storm Blitz Pants (1 UN)
2500	2500	1000	4652	9	1	1	0	63	0	0	0	255	255	255	255	255	0	0	// Eternal Wing Pants (1 UN)
2510	2510	1000	4669	9	1	1	0	63	0	0	0	255	255	255	255	255	0	0	// Piercing Groove Pants (1 UN)
2520	2520	1500	4653	9	1	1	0	63	0	0	0	255	255	255	255	255	0	0	// Titan  Pants (1 UN)
2530	2530	1500	4654	9	1	1	0	63	0	0	0	255	255	255	255	255	0	0	// Brave Pants (1 UN)
2540	2540	1500	4655	9	1	1	0	63	0	0	0	255	255	255	255	255	0	0	// Phantom  Pants (1 UN)
2550	2550	1500	4656	9	1	1	0	63	0	0	0	255	255	255	255	255	0	0	// Destroy Pants (1 UN)
2560	2560	1500	4657	9	1	1	0	63	0	0	0	255	255	255	255	255	0	0	// Seraphim Pants (1 UN)
2570	2570	1500	4658	9	1	1	0	63	0	0	0	255	255	255	255	255	0	0	// Divine Pants (1 UN)
2580	2580	1500	4659	9	1	1	0	63	0	0	0	255	255	255	255	255	0	0	// Royal Pants (1 UN)
2590	2590	1500	4660	9	1	1	0	63	0	0	0	255	255	255	255	255	0	0	// Hades Pants (1 UN)
2600	2600	1500	4681	9	1	1	0	63	0	0	0	255	255	255	255	255	0	0	// Phoenix Soul Pants (1 UN)
2610	2610	500	5120	9	1	1	0	63	0	0	0	255	255	255	255	255	0	0	// Bronze Gloves (1 UN)
2620	2620	500	5121	9	1	1	0	63	0	0	0	255	255	255	255	255	0	0	// Dragon Gloves (1 UN)
2630	2630	500	5122	9	1	1	0	63	0	0	0	255	255	255	255	255	0	0	// Pad Gloves (1 UN)
2640	2640	500	5123	9	1	1	0	63	0	0	0	255	255	255	255	255	0	0	// Legendary Gloves (1 UN)
2650	2650	500	5124	9	1	1	0	63	0	0	0	255	255	255	255	255	0	0	// Bone Gloves (1 UN)
2660	2660	500	5125	9	1	1	0	63	0	0	0	255	255	255	255	255	0	0	// Leather Gloves (1 UN)
2670	2670	500	5126	9	1	1	0	63	0	0	0	255	255	255	255	255	0	0	// Scale Gloves (1 UN)
2680	2680	500	5127	9	1	1	0	63	0	0	0	255	255	255	255	255	0	0	// Sphinx Gloves (1 UN)
2690	2690	500	5128	9	1	1	0	63	0	0	0	255	255	255	255	255	0	0	// Brass Gloves (1 UN)
2700	2700	500	5129	9	1	1	0	63	0	0	0	255	255	255	255	255	0	0	// Plate Gloves (1 UN)
2710	2710	500	5130	9	1	1	0	63	0	0	0	255	255	255	255	255	0	0	// Vine Gloves (1 UN)
2720	2720	500	5131	9	1	1	0	63	0	0	0	255	255	255	255	255	0	0	// Silk Gloves (1 UN)
2730	2730	500	5132	9	1	1	0	63	0	0	0	255	255	255	255	255	0	0	// Wind Gloves (1 UN)
2740	2740	500	5133	9	1	1	0	63	0	0	0	255	255	255	255	255	0	0	// Spirit Gloves (1 UN)
2750	2750	500	5134	9	1	1	0	63	0	0	0	255	255	255	255	255	0	0	// Guardian Gloves (1 UN)
2760	2760	500	5135	9	1	1	0	63	0	0	0	255	255	255	255	255	0	0	// Storm Crow Gloves (1 UN)
2770	2770	500	5136	9	1	1	0	63	0	0	0	255	255	255	255	255	0	0	// Black Dragon Gloves (1 UN)
2780	2780	500	5137	9	1	1	0	63	0	0	0	255	255	255	255	255	0	0	// Dark Phoenix Gloves (1 UN)
2790	2790	500	5138	9	1	1	0	63	0	0	0	255	255	255	255	255	0	0	// Grand Soul Gloves (1 UN)
2800	2800	500	5139	9	1	1	0	63	0	0	0	255	255	255	255	255	0	0	// Holy Spirit Gloves (1 UN)
2810	2810	500	5140	9	1	1	0	63	0	0	0	255	255	255	255	255	0	0	// Thunder Hawk Gloves (1 UN)
2820	2820	500	5141	9	1	1	0	63	0	0	0	255	255	255	255	255	0	0	// Great Dragon Gloves (1 UN)
2830	2830	500	5142	9	1	1	0	63	0	0	0	255	255	255	255	255	0	0	// Dark Soul Gloves (1 UN)
2840	2840	500	5143	9	1	1	0	63	0	0	0	255	255	255	255	255	0	0	// Hurricane Gloves (1 UN)
2850	2850	500	5144	9	1	1	0	63	0	0	0	255	255	255	255	255	0	0	// Red Spirit Gloves (1 UN)
2860	2860	500	5145	9	1	1	0	63	0	0	0	255	255	255	255	255	0	0	// Light Plate Gloves (1 UN)
2870	2870	500	5146	9	1	1	0	63	0	0	0	255	255	255	255	255	0	0	// Adamantine Gloves (1 UN)
2880	2880	500	5147	9	1	1	0	63	0	0	0	255	255	255	255	255	0	0	// Dark Steel Gloves (1 UN)
2890	2890	500	5148	9	1	1	0	63	0	0	0	255	255	255	255	255	0	0	// Dark Master Gloves (1 UN)
2900	2900	1000	5149	9	1	1	0	63	0	0	0	255	255	255	255	255	0	0	// Dragon Knight Gloves (1 UN)
2910	2910	1000	5150	9	1	1	0	63	0	0	0	255	255	255	255	255	0	0	// Venom Mist Gloves (1 UN)
2920	2920	1000	5151	9	1	1	0	63	0	0	0	255	255	255	255	255	0	0	// Sylphid Ray Gloves (1 UN)
2930	2930	1000	5152	9	1	1	0	63	0	0	0	255	255	255	255	255	0	0	// Volcano Gloves (1 UN)
2940	2940	1000	5153	9	1	1	0	63	0	0	0	255	255	255	255	255	0	0	// Sunlight Gloves (1 UN)
2950	2950	1000	5154	9	1	1	0	63	0	0	0	255	255	255	255	255	0	0	// Ashcrow Gloves (1 UN)
2960	2960	1000	5155	9	1	1	0	63	0	0	0	255	255	255	255	255	0	0	// Eclipse Gloves (1 UN)
2970	2970	1000	5156	9	1	1	0	63	0	0	0	255	255	255	255	255	0	0	// Iris Gloves (1 UN)
2980	2980	1000	5157	9	1	1	0	63	0	0	0	255	255	255	255	255	0	0	// Valiant Gloves (1 UN)
2990	2990	1000	5158	9	1	1	0	63	0	0	0	255	255	255	255	255	0	0	// Glorious Gloves (1 UN)
3000	3000	1000	5159	9	1	1	0	63	0	0	0	255	255	255	255	255	0	0	// Violent Wind Gloves (1 UN)
3010	3010	1000	5160	9	1	1	0	63	0	0	0	255	255	255	255	255	0	0	// Red Wing Gloves (1 UN)
3020	3020	1000	5161	9	1	1	0	63	0	0	0	255	255	255	255	255	0	0	// Ancient Gloves (1 UN)
3030	3030	1000	5162	9	1	1	0	63	0	0	0	255	255	255	255	255	0	0	// Demonic Gloves (1 UN)
3040	3040	1000	5163	9	1	1	0	63	0	0	0	255	255	255	255	255	0	0	// Storm Blitz Gloves (1 UN)
3050	3050	1000	5164	9	1	1	0	63	0	0	0	255	255	255	255	255	0	0	// Eternal Wing Gloves (1 UN)
3060	3060	1500	5165	9	1	1	0	63	0	0	0	255	255	255	255	255	0	0	// Titan  Gloves (1 UN)
3070	3070	1500	5166	9	1	1	0	63	0	0	0	255	255	255	255	255	0	0	// Brave Gloves (1 UN)
3080	3080	1500	5167	9	1	1	0	63	0	0	0	255	255	255	255	255	0	0	// Phantom  Gloves (1 UN)
3090	3090	1500	5168	9	1	1	0	63	0	0	0	255	255	255	255	255	0	0	// Destroy Gloves (1 UN)
3100	3100	1500	5169	9	1	1	0	63	0	0	0	255	255	255	255	255	0	0	// Seraphim Gloves (1 UN)
3110	3110	1500	5170	9	1	1	0	63	0	0	0	255	255	255	255	255	0	0	// Divine Gloves (1 UN)
3120	3120	1500	5171	9	1	1	0	63	0	0	0	255	255	255	255	255	0	0	// Royal Gloves (1 UN)
3130	3130	1500	5172	9	1	1	0	63	0	0	0	255	255	255	255	255	0	0	// Hades Gloves (1 UN)
3140	3140	500	5632	9	1	1	0	63	0	0	0	255	255	255	255	255	0	0	// Bronze Boots (1 UN)
3150	3150	500	5633	9	1	1	0	63	0	0	0	255	255	255	255	255	0	0	// Dragon Boots (1 UN)
3160	3160	500	5634	9	1	1	0	63	0	0	0	255	255	255	255	255	0	0	// Pad Boots (1 UN)
3170	3170	500	5635	9	1	1	0	63	0	0	0	255	255	255	255	255	0	0	// Legendary Boots (1 UN)
3180	3180	500	5636	9	1	1	0	63	0	0	0	255	255	255	255	255	0	0	// Bone Boots (1 UN)
3190	3190	500	5637	9	1	1	0	63	0	0	0	255	255	255	255	255	0	0	// Leather Boots (1 UN)
3200	3200	500	5638	9	1	1	0	63	0	0	0	255	255	255	255	255	0	0	// Scale Boots (1 UN)
3210	3210	500	5639	9	1	1	0	63	0	0	0	255	255	255	255	255	0	0	// Sphinx Boots (1 UN)
3220	3220	500	5640	9	1	1	0	63	0	0	0	255	255	255	255	255	0	0	// Brass Boots (1 UN)
3230	3230	500	5641	9	1	1	0	63	0	0	0	255	255	255	255	255	0	0	// Plate Boots (1 UN)
3240	3240	500	5642	9	1	1	0	63	0	0	0	255	255	255	255	255	0	0	// Vine Boots (1 UN)
3250	3250	500	5643	9	1	1	0	63	0	0	0	255	255	255	255	255	0	0	// Silk Boots (1 UN)
3260	3260	500	5644	9	1	1	0	63	0	0	0	255	255	255	255	255	0	0	// Wind Boots (1 UN)
3270	3270	500	5645	9	1	1	0	63	0	0	0	255	255	255	255	255	0	0	// Spirit Boots (1 UN)
3280	3280	500	5646	9	1	1	0	63	0	0	0	255	255	255	255	255	0	0	// Guardian Boots (1 UN)
3290	3290	500	5647	9	1	1	0	63	0	0	0	255	255	255	255	255	0	0	// Storm Crow Boots (1 UN)
3300	3300	500	5648	9	1	1	0	63	0	0	0	255	255	255	255	255	0	0	// Black Dragon Boots (1 UN)
3310	3310	500	5649	9	1	1	0	63	0	0	0	255	255	255	255	255	0	0	// Dark Phoenix Boots (1 UN)
3320	3320	500	5650	9	1	1	0	63	0	0	0	255	255	255	255	255	0	0	// Grand Soul Boots (1 UN)
3330	3330	500	5651	9	1	1	0	63	0	0	0	255	255	255	255	255	0	0	// Holy Spirit Boots (1 UN)
3340	3340	500	5652	9	1	1	0	63	0	0	0	255	255	255	255	255	0	0	// Thunder Hawk Boots (1 UN)
3350	3350	500	5653	9	1	1	0	63	0	0	0	255	255	255	255	255	0	0	// Great Dragon Boots (1 UN)
3360	3360	500	5654	9	1	1	0	63	0	0	0	255	255	255	255	255	0	0	// Dark Soul Boots (1 UN)
3370	3370	500	5656	9	1	1	0	63	0	0	0	255	255	255	255	255	0	0	// Red Spirit Boots (1 UN)
3380	3380	500	5657	9	1	1	0	63	0	0	0	255	255	255	255	255	0	0	// Light Plate Boots (1 UN)
3390	3390	500	5658	9	1	1	0	63	0	0	0	255	255	255	255	255	0	0	// Adamantine Boots (1 UN)
3400	3400	500	5655	9	1	1	0	63	0	0	0	255	255	255	255	255	0	0	// Hurricane Boots (1 UN)
3410	3410	500	5659	9	1	1	0	63	0	0	0	255	255	255	255	255	0	0	// Dark Steel Boots (1 UN)
3420	3420	500	5660	9	1	1	0	63	0	0	0	255	255	255	255	255	0	0	// Dark Master Boots (1 UN)
3430	3430	1000	5661	9	1	1	0	63	0	0	0	255	255	255	255	255	0	0	// Dragon Knight Boots (1 UN)
3440	3440	1000	5662	9	1	1	0	63	0	0	0	255	255	255	255	255	0	0	// Venom Mist Boots (1 UN)
3450	3450	1000	5663	9	1	1	0	63	0	0	0	255	255	255	255	255	0	0	// Sylphid Ray Boots (1 UN)
3460	3460	1000	5664	9	1	1	0	63	0	0	0	255	255	255	255	255	0	0	// Volcano Boots (1 UN)
3470	3470	1000	5665	9	1	1	0	63	0	0	0	255	255	255	255	255	0	0	// Sunlight Boots (1 UN)
3480	3480	1000	5666	9	1	1	0	63	0	0	0	255	255	255	255	255	0	0	// Ashcrow Boots (1 UN)
3490	3490	1000	5667	9	1	1	0	63	0	0	0	255	255	255	255	255	0	0	// Eclipse Boots (1 UN)
3500	3500	1000	5668	9	1	1	0	63	0	0	0	255	255	255	255	255	0	0	// Iris Boots (1 UN)
3510	3510	1000	5669	9	1	1	0	63	0	0	0	255	255	255	255	255	0	0	// Valiant Boots (1 UN)
3520	3520	1000	5670	9	1	1	0	63	0	0	0	255	255	255	255	255	0	0	// Glorious Boots (1 UN)
3530	3530	1000	5671	9	1	1	0	63	0	0	0	255	255	255	255	255	0	0	// Violent Wind Boots (1 UN)
3540	3540	1000	5672	9	1	1	0	63	0	0	0	255	255	255	255	255	0	0	// Red Wing Boots (1 UN)
3550	3550	1000	5673	9	1	1	0	63	0	0	0	255	255	255	255	255	0	0	// Ancient Boots (1 UN)
3560	3560	1000	5675	9	1	1	0	63	0	0	0	255	255	255	255	255	0	0	// Storm Blitz Boots (1 UN)
3570	3570	1000	5676	9	1	1	0	63	0	0	0	255	255	255	255	255	0	0	// Eternal Wing Boots (1 UN)
3580	3580	1500	5677	9	1	1	0	63	0	0	0	255	255	255	255	255	0	0	// Titan Boots (1 UN)
3590	3590	1500	5678	9	1	1	0	63	0	0	0	255	255	255	255	255	0	0	// Brave Boots (1 UN)
3600	3600	1500	5679	9	1	1	0	63	0	0	0	255	255	255	255	255	0	0	// Phantom Boots (1 UN)
3610	3610	1500	5680	9	1	1	0	63	0	0	0	255	255	255	255	255	0	0	// Destroy Boots (1 UN)
3620	3620	1500	5681	9	1	1	0	63	0	0	0	255	255	255	255	255	0	0	// Seraphim Boots (1 UN)
3630	3630	1500	5682	9	1	1	0	63	0	0	0	255	255	255	255	255	0	0	// Divine Boots (1 UN)
3640	3640	1500	5683	9	1	1	0	63	0	0	0	255	255	255	255	255	0	0	// Royal Boots (1 UN)
3650	3650	1500	5684	9	1	1	0	63	0	0	0	255	255	255	255	255	0	0	// Hades Boots (1 UN)
3660	3660	500	5691	9	1	1	0	63	0	0	0	255	255	255	255	255	0	0	// Sacred Fire Boots (1 UN)
3670	3670	1000	5693	9	1	1	0	63	0	0	0	255	255	255	255	255	0	0	// Piercing Groove Boots (1 UN)
3680	3680	1500	5705	9	1	1	0	63	0	0	0	255	255	255	255	255	0	0	// Phoenix Soul Boots (1 UN)
3690	3690	500	1024	9	1	1	0	63	0	0	0	255	255	255	255	255	0	0	// Mace (1 UN)
3700	3700	500	14	9	1	1	0	63	0	0	0	255	255	255	255	255	0	0	// Lighting Sword (1 UN)
3710	3710	500	16	9	1	1	0	63	0	0	0	255	255	255	255	255	0	0	// Sword of Destruction (1 UN)
3720	3720	500	17	9	1	1	0	63	0	0	0	255	255	255	255	255	0	0	// Dark Breaker (1 UN)
3730	3730	500	19	9	1	1	0	63	0	0	0	255	255	255	255	255	0	0	// Divine Sword of Archangel (1 UN)
3740	3740	500	20	9	1	1	0	63	0	0	0	255	255	255	255	255	0	0	// Knight Blade (1 UN)
3750	3750	500	21	9	1	1	0	63	0	0	0	255	255	255	255	255	0	0	// Dark Reign Blade (1 UN)
3760	3760	500	1025	9	1	1	0	63	0	0	0	255	255	255	255	255	0	0	// Morning Star (1 UN)
3770	3770	500	1026	9	1	1	0	63	0	0	0	255	255	255	255	255	0	0	// Flail (1 UN)
3780	3780	1000	22	9	1	1	0	63	0	0	0	255	255	255	255	255	0	0	// Bone Blade (1 UN)
3790	3790	1000	23	9	1	1	0	63	0	0	0	255	255	255	255	255	0	0	// Explosion Blade (1 UN)
3800	3800	1000	24	9	1	1	0	63	0	0	0	255	255	255	255	255	0	0	// Daybreak (1 UN)
3810	3810	1000	25	9	1	1	0	63	0	0	0	255	255	255	255	255	0	0	// Sword Dancer (1 UN)
3820	3820	1500	26	9	1	1	0	63	0	0	0	255	255	255	255	255	0	0	// Flameberge (1 UN)
3830	3830	1500	27	9	1	1	0	63	0	0	0	255	255	255	255	255	0	0	// Sword Breaker (1 UN)
3840	3840	1500	28	9	1	1	0	63	0	0	0	255	255	255	255	255	0	0	// Rune Bastard Sword (1 UN)
3850	3850	500	31	9	1	1	0	63	0	0	0	255	255	255	255	255	0	0	// Rune Blade (1 UN)
3860	3860	500	32	9	1	1	0	63	0	0	0	255	255	255	255	255	0	0	// Sacred Glove (1 UN)
3870	3870	1000	34	9	1	1	0	63	0	0	0	255	255	255	255	255	0	0	// Piercing Blade Glove (1 UN)
3880	3880	1500	35	9	1	1	0	63	0	0	0	255	255	255	255	255	0	0	// Phoenix Soul Star (1 UN)
3890	3890	500	2560	9	1	1	0	63	0	0	0	255	255	255	255	255	0	0	// Skull Staff (1 UN)
3900	3900	500	1028	9	1	1	0	63	0	0	0	255	255	255	255	255	0	0	// Crystal Morning Star (1 UN)
3910	3910	500	1029	9	1	1	0	63	0	0	0	255	255	255	255	255	0	0	// Crystal Sword (1 UN)
3920	3920	500	1030	9	1	1	0	63	0	0	0	255	255	255	255	255	0	0	// Chaos Dragon Axe (1 UN)
3930	3930	500	1031	9	1	1	0	63	0	0	0	255	255	255	255	255	0	0	// Elemental Mace (1 UN)
3940	3940	500	1032	9	1	1	0	63	0	0	0	255	255	255	255	255	0	0	// Battle Scepter (1 UN)
3950	3950	500	1033	9	1	1	0	63	0	0	0	255	255	255	255	255	0	0	// Master Scepter (1 UN)
3960	3960	500	1034	9	1	1	0	63	0	0	0	255	255	255	255	255	0	0	// Great Scepter (1 UN)
3970	3970	500	1035	9	1	1	0	63	0	0	0	255	255	255	255	255	0	0	// Lord Scepter (1 UN)
3980	3980	1000	1036	9	1	1	0	63	0	0	0	255	255	255	255	255	0	0	// Great Lord Scepter (1 UN)
3990	3990	1000	1037	9	1	1	0	63	0	0	0	255	255	255	255	255	0	0	// Divine Scepter of Archangel (1 UN)
4000	4000	1000	1038	9	1	1	0	63	0	0	0	255	255	255	255	255	0	0	// Soleil Sceptor (1 UN)
4010	4010	1500	1039	9	1	1	0	63	0	0	0	255	255	255	255	255	0	0	// Shining Scepter (1 UN)
4020	4020	1500	1040	9	1	1	0	63	0	0	0	255	255	255	255	255	0	0	// Frost Mace (1 UN)
4030	4030	1500	1041	9	1	1	0	63	0	0	0	255	255	255	255	255	0	0	// Absolute Scepter (1 UN)
4040	4040	500	2065	9	1	1	0	63	0	0	0	255	255	255	255	255	0	0	// Celestial Bow (1 UN)
4050	4050	500	2066	9	1	1	0	63	0	0	0	255	255	255	255	255	0	0	// Divine Crossbow of Archangel (1 UN)
4060	4060	500	2067	9	1	1	0	63	0	0	0	255	255	255	255	255	0	0	// Great Reign Crossbow (1 UN)
4070	4070	1000	2068	9	1	1	0	63	0	0	0	255	255	255	255	255	0	0	// Arrow Viper Bow (1 UN)
4080	4080	1000	2069	9	1	1	0	63	0	0	0	255	255	255	255	255	0	0	// Sylph Wind Bow (1 UN)
4090	4090	1500	2070	9	1	1	0	63	0	0	0	255	255	255	255	255	0	0	// Albatross Bow (1 UN)
4100	4100	1500	2071	9	1	1	0	63	0	0	0	255	255	255	255	255	0	0	// Dark Stinger (1 UN)
4110	4110	1500	2072	9	1	1	0	63	0	0	0	255	255	255	255	255	0	0	// Aileen Bowr (1 UN)
4120	4120	500	2565	9	1	1	0	63	0	0	0	255	255	255	255	255	0	0	// Legendary Staff (1 UN)
4130	4130	500	2566	9	1	1	0	63	0	0	0	255	255	255	255	255	0	0	// Staff of Resurrection (1 UN)
4140	4140	500	2569	9	1	1	0	63	0	0	0	255	255	255	255	255	0	0	// Dragon Soul Staff (1 UN)
4150	4150	500	2570	9	1	1	0	63	0	0	0	255	255	255	255	255	0	0	// Divine Staff of Archangel (1 UN)
4160	4160	500	2571	9	1	1	0	63	0	0	0	255	255	255	255	255	0	0	// Staff of Kundun (1 UN)
4170	4170	500	2574	9	1	1	0	63	0	0	0	255	255	255	255	255	0	0	// Mystery Stick (1 UN)
4180	4180	500	2575	9	1	1	0	63	0	0	0	255	255	255	255	255	0	0	// Violent Wind Stick (1 UN)
4190	4190	500	2576	9	1	1	0	63	0	0	0	255	255	255	255	255	0	0	// Red Wing Stick (1 UN)
4200	4200	500	2577	9	1	1	0	63	0	0	0	255	255	255	255	255	0	0	// Ancient Stick (1 UN)
4210	4210	500	2578	9	1	1	0	63	0	0	0	255	255	255	255	255	0	0	// Demonic Stick (1 UN)
4220	4220	500	2581	9	1	1	0	63	0	0	0	255	255	255	255	255	0	0	// Book of Samut (1 UN)
4230	4230	1000	2572	9	1	1	0	63	0	0	0	255	255	255	255	255	0	0	// Grand Viper Staff (1 UN)
4240	4240	1000	2573	9	1	1	0	63	0	0	0	255	255	255	255	255	0	0	// Platina Staff (1 UN)
4250	4250	1000	2579	9	1	1	0	63	0	0	0	255	255	255	255	255	0	0	// Storm Blitz Stick (1 UN)
4260	4260	1000	2580	9	1	1	0	63	0	0	0	255	255	255	255	255	0	0	// Eternal Wing Stick (1 UN)
4270	4270	1000	2582	9	1	1	0	63	0	0	0	255	255	255	255	255	0	0	// Book of Neil (1 UN)
4280	4280	1500	2590	9	1	1	0	63	0	0	0	255	255	255	255	255	0	0	// Deadly Staff (1 UN)
4290	4290	1500	2591	9	1	1	0	63	0	0	0	255	255	255	255	255	0	0	// Inberial Staff (1 UN)
4300	4300	1500	2592	9	1	1	0	63	0	0	0	255	255	255	255	255	0	0	// Summon Spirit Stick (1 UN)
4310	4310	1500	2593	9	1	1	0	63	0	0	0	255	255	255	255	255	0	0	// Chrome Staff (1 UN)
4320	4320	1500	2594	9	1	1	0	63	0	0	0	255	255	255	255	255	0	0	// Raven Stick (1 UN)
4330	4330	1500	2596	9	1	1	0	63	0	0	0	255	255	255	255	255	0	0	// Divine Stick of the Archangel (1 UN)
4340	4340	1500	2583	9	1	1	0	63	0	0	0	255	255	255	255	255	0	0	// Book of Lagle (1 UN)
4350	4350	500	3078	9	1	1	0	63	0	0	0	255	255	255	255	255	0	0	// Skull Shield (1 UN)
4360	4360	500	3085	9	1	1	0	63	0	0	0	255	255	255	255	255	0	0	// Dragon Shield (1 UN)
4370	4370	500	3086	9	1	1	0	63	0	0	0	255	255	255	255	255	0	0	// Legendary Shield (1 UN)
4380	4380	1000	3087	9	1	1	0	63	0	0	0	255	255	255	255	255	0	0	// Grand Soul Shield (1 UN)
4390	4390	1000	3088	9	1	1	0	63	0	0	0	255	255	255	255	255	0	0	// Elemental Shield (1 UN)
4400	4400	1500	3089	9	1	1	0	63	0	0	0	255	255	255	255	255	0	0	// Crimson Glory (1 UN)
4410	4410	1500	3090	9	1	1	0	63	0	0	0	255	255	255	255	255	0	0	// Salamander Shield (1 UN)
4420	4420	1500	3091	9	1	1	0	63	0	0	0	255	255	255	255	255	0	0	// Frost Barrier (1 UN)
4430	4430	1500	3092	9	1	1	0	63	0	0	0	255	255	255	255	255	0	0	// Guardian Shield (1 UN)
4440	4440	1500	3093	9	1	1	0	63	0	0	0	255	255	255	255	255	0	0	// Cross Shield (1 UN)
4450	4450	500	6144	9	1	1	0	31	0	0	0	255	255	255	255	255	0	0	// Wings of Elf (1 UN)
4460	4460	500	6145	9	1	1	0	31	0	0	0	255	255	255	255	255	0	0	// Wings of Heaven (1 UN)
4470	4470	500	6146	9	1	1	0	31	0	0	0	255	255	255	255	255	0	0	// Wings of Satan (1 UN)
4480	4480	500	6185	9	1	1	0	31	0	0	0	255	255	255	255	255	0	0	// Wing of Curse (1 UN)
4490	4490	1000	6147	9	1	1	0	31	0	0	0	255	255	255	255	255	0	0	// Wings of Spirits (1 UN)
4500	4500	1000	6148	9	1	1	0	31	0	0	0	255	255	255	255	255	0	0	// Wings of Soul (1 UN)
4510	4510	1000	6149	9	1	1	0	31	0	0	0	255	255	255	255	255	0	0	// Wings of Dragon (1 UN)
4520	4520	1000	6150	9	1	1	0	31	0	0	0	255	255	255	255	255	0	0	// Wings of Darkness (1 UN)
4530	4530	1000	6186	9	1	1	0	31	0	0	0	255	255	255	255	255	0	0	// Wind of Despair (1 UN)
4540	4540	1000	6193	9	1	1	0	31	0	0	0	255	255	255	255	255	0	0	// Cape of Fighter (1 UN)
4550	4550	1500	6180	9	1	1	0	31	0	0	0	255	255	255	255	255	0	0	// Wing of Storm (1 UN)
4560	4560	1500	6181	9	1	1	0	31	0	0	0	255	255	255	255	255	0	0	// Wing of Eternal (1 UN)
4570	4570	1500	6182	9	1	1	0	31	0	0	0	255	255	255	255	255	0	0	// Wing of Illusion (1 UN)
4580	4580	1500	6183	9	1	1	0	31	0	0	0	255	255	255	255	255	0	0	// Wing of Ruin (1 UN)
4590	4590	1500	6184	9	1	1	0	31	0	0	0	255	255	255	255	255	0	0	// Cape of Emperor (1 UN)
4600	4600	1500	6187	9	1	1	0	31	0	0	0	255	255	255	255	255	0	0	// Wing of Dimension (1 UN)
4610	4610	1500	6194	9	1	1	0	31	0	0	0	255	255	255	255	255	0	0	// Cape of Overrule (1 UN)
4620	4620	200	6699	0	0	0	0	0	0	0	0	255	255	255	255	255	0	86400	// Seal of Ascension (24 Hours)
4630	4630	350	6700	0	0	0	0	0	0	0	0	255	255	255	255	255	0	86400	// Seal of Wealth (24 Hours)
4640	4640	200	6719	0	0	0	0	0	0	0	0	255	255	255	255	255	0	86400	// Seal of Divinity (24 Hours)
4650	4650	100	6701	0	0	0	0	0	0	0	0	255	255	255	255	255	0	86400	// Seal of Sustenance (24 Hours)
4660	4660	10	6726	0	0	0	0	0	0	0	0	255	255	255	255	255	0	0	// Talisman of Mobility (24 UN)
4670	4670	200	6718	0	0	0	0	0	0	0	0	255	255	255	255	255	0	86400	// Seal of Healing (24 Hours)
4680	4680	350	6725	0	0	0	0	0	0	0	0	255	255	255	255	255	0	86400	// Talisman of Resurrection (24 Hours)
4690	4690	350	6715	0	0	0	0	0	0	0	0	255	255	255	255	255	0	86400	// Seal of Mobility (24 Hours)
4700	4700	50	7181	0	0	0	0	0	0	0	0	255	255	255	255	255	0	0	// Jewel of Bless (1 UN)
4710	4710	50	7182	0	0	0	0	0	0	0	0	255	255	255	255	255	0	0	// Jewel of Soul (1 UN)
4720	4720	50	7184	0	0	0	0	0	0	0	0	255	255	255	255	255	0	0	// Jewel of Life (1 UN)
4730	4730	50	7190	0	0	0	0	0	0	0	0	255	255	255	255	255	0	0	// Jewel of Creation (1 UN)
4740	4740	70	7199	0	0	0	0	0	0	0	0	255	255	255	255	255	0	0	// Jewel of Guardian (1 UN)
4750	4750	70	7210	0	0	0	0	0	0	0	0	255	255	255	255	255	0	0	// Jewel of Harmony (1 UN)
4760	4760	100	6660	0	0	0	0	0	0	0	0	255	255	255	255	255	0	86400	// Dark Horse (24 Hours)
4770	4770	100	6661	0	0	0	0	0	0	0	0	255	255	255	255	255	0	86400	// Dark Raven (24 Hours)
4780	4780	450	6174	0	0	0	0	0	0	0	0	255	255	255	255	255	0	0	// bundle of Jewel of Bless (1 UN)
4790	4790	450	6175	0	0	0	0	0	0	0	0	255	255	255	255	255	0	0	// bundle of Jewel of Soul (1 UN)
4800	4800	100	6159	0	0	0	0	0	0	0	0	255	255	255	255	255	0	0	// Jewel of Chaos (1 UN)
4810	4810	450	6280	0	0	0	0	0	0	0	0	255	255	255	255	255	0	0	// Jewel of Life Bundle (1 UN)
4820	4820	450	6281	0	0	0	0	0	0	0	0	255	255	255	255	255	0	0	// Jewel of Creation Bundle (1 UN)
4830	4830	650	6282	0	0	0	0	0	0	0	0	255	255	255	255	255	0	0	// Jewel of Guardian Bundle (1 UN)
4840	4840	650	6284	0	0	0	0	0	0	0	0	255	255	255	255	255	0	0	// Jewel of Harmony Bundle (1 UN)
4850	4850	950	6285	0	0	0	0	0	0	0	0	255	255	255	255	255	0	0	// Jewel of Chaos Bundle (1 UN)
4860	4860	450	6286	0	0	0	0	0	0	0	0	255	255	255	255	255	0	0	// Lower Refining Stone Bundle (1 UN)
4870	4870	650	6287	0	0	0	0	0	0	0	0	255	255	255	255	255	0	0	// Higher Refining Stone Bundle (1 UN)
4880	4880	100	6723	0	0	0	0	0	0	0	0	255	255	255	255	255	0	86400	// Pet Rudolf (24 Hours)
4890	4890	200	6736	0	0	0	0	0	0	0	0	255	255	255	255	255	0	86400	// Pet Panda (24 Hours)
4900	4900	100	6762	0	0	0	0	0	0	0	0	255	255	255	255	255	0	86400	// Pet Unicorn (24 Hours)
4910	4910	100	6779	0	0	0	0	0	0	0	0	255	255	255	255	255	0	86400	// Pet Skeleton (24 Hours)
4920	4920	200	6693	0	0	0	0	0	0	0	0	255	255	255	255	255	0	86400	// Horn of Fenrir (24 Hours)
4930	4930	50	6204	0	0	0	0	0	0	0	0	255	255	255	255	255	0	0	// Seed (Fire) (1 UN)
4940	4940	50	6205	0	0	0	0	0	0	0	0	255	255	255	255	255	0	0	// Seed (Water) (1 UN)
4950	4950	50	6206	0	0	0	0	0	0	0	0	255	255	255	255	255	0	0	// Seed (Ice) (1 UN)
4960	4960	50	6207	0	0	0	0	0	0	0	0	255	255	255	255	255	0	0	// Seed (Wind) (1 UN)
4970	4970	50	6208	0	0	0	0	0	0	0	0	255	255	255	255	255	0	0	// Seed (Lightning) (1 UN)
4980	4980	50	6209	0	0	0	0	0	0	0	0	255	255	255	255	255	0	0	// Seed (Earth) (1 UN)
4990	4990	100	7179	0	0	0	0	0	0	0	0	255	255	255	255	255	0	0	// Box of Luck (1 UN)
5000	5000	80	6215	0	0	0	0	0	0	0	0	255	255	255	255	255	0	0	// Sphere (Di) (1 UN)
5010	5010	90	6216	0	0	0	0	0	0	0	0	255	255	255	255	255	0	0	// Sphere (Tri) (1 UN)
5020	5020	150	6244	0	0	0	0	0	0	0	0	255	255	255	255	255	0	0	// Seed Sphere (Fire) (1 UN)
5030	5030	150	6245	0	0	0	0	0	0	0	0	255	255	255	255	255	0	0	// Seed Sphere (Water) (1 UN)
5040	5040	150	6246	0	0	0	0	0	0	0	0	255	255	255	255	255	0	0	// Seed Sphere (Ice) (1 UN)
5050	5050	150	6247	0	0	0	0	0	0	0	0	255	255	255	255	255	0	0	// Seed Sphere (Wind) (1 UN)
5060	5060	150	6248	0	0	0	0	0	0	0	0	255	255	255	255	255	0	0	// Seed Sphere (Lightning) (1 UN)
5070	5070	150	6249	0	0	0	0	0	0	0	0	255	255	255	255	255	0	0	// Seed Sphere (Earth) (1 UN)
5080	5080	200	6250	0	0	0	0	0	0	0	0	255	255	255	255	255	0	0	// Seed Sphere (Fire) (1 UN)
5090	5090	200	6251	0	0	0	0	0	0	0	0	255	255	255	255	255	0	0	// Seed Sphere (Water) (1 UN)
5100	5100	200	6252	0	0	0	0	0	0	0	0	255	255	255	255	255	0	0	// Seed Sphere (Ice) (1 UN)
5110	5110	200	6253	0	0	0	0	0	0	0	0	255	255	255	255	255	0	0	// Seed Sphere (Wind) (1 UN)
5120	5120	200	6254	0	0	0	0	0	0	0	0	255	255	255	255	255	0	0	// Seed Sphere (Lightning) (1 UN)
5130	5130	200	6255	0	0	0	0	0	0	0	0	255	255	255	255	255	0	0	// Seed Sphere (Earth) (1 UN)
5140	5140	250	6256	0	0	0	0	0	0	0	0	255	255	255	255	255	0	0	// Seed Sphere (Fire) (1 UN)
5150	5150	250	6257	0	0	0	0	0	0	0	0	255	255	255	255	255	0	0	// Seed Sphere (Water) (1 UN)
5160	5160	250	6258	0	0	0	0	0	0	0	0	255	255	255	255	255	0	0	// Seed Sphere (Ice) (1 UN)
5170	5170	250	6259	0	0	0	0	0	0	0	0	255	255	255	255	255	0	0	// Seed Sphere (Wind) (1 UN)
5180	5180	250	6260	0	0	0	0	0	0	0	0	255	255	255	255	255	0	0	// Seed Sphere (Lightning) (1 UN)
5190	5190	250	6261	0	0	0	0	0	0	0	0	255	255	255	255	255	0	0	// Seed Sphere (Earth) (1 UN)
5200	5200	300	7181	0	0	0	0	0	0	0	0	255	255	255	255	255	0	0	// Jewel of Bless (1 UN)
5210	5210	300	7182	0	0	0	0	0	0	0	0	255	255	255	255	255	0	0	// Jewel of Soul (1 UN)
5220	5220	300	7184	0	0	0	0	0	0	0	0	255	255	255	255	255	0	0	// Jewel of Life (1 UN)
5230	5230	300	7190	0	0	0	0	0	0	0	0	255	255	255	255	255	0	0	// Jewel of Creation (1 UN)
5240	5240	500	7199	0	0	0	0	0	0	0	0	255	255	255	255	255	0	0	// Jewel of Guardian (1 UN)
5250	5250	500	7210	0	0	0	0	0	0	0	0	255	255	255	255	255	0	0	// Jewel of Harmony (1 UN)
5260	5260	500	7212	0	0	0	0	0	0	0	0	255	255	255	255	255	0	0	// Higher refining stone (1 UN)
5270	5270	200	7302	0	0	0	0	0	0	0	0	255	255	255	255	255	0	0	// Package Box A (1 UN)
5280	5280	200	7303	0	0	0	0	0	0	0	0	255	255	255	255	255	0	0	// Package Box B (1 UN)
5290	5290	200	7304	0	0	0	0	0	0	0	0	255	255	255	255	255	0	0	// Package Box C (1 UN)
5300	5300	200	7305	0	0	0	0	0	0	0	0	255	255	255	255	255	0	0	// Package Box D (1 UN)
5310	5310	200	7306	0	0	0	0	0	0	0	0	255	255	255	255	255	0	0	// Package Box E (1 UN)
5320	5320	200	7307	0	0	0	0	0	0	0	0	255	255	255	255	255	0	0	// Package Box F (1 UN)
5330	5330	500	7302	0	0	0	0	0	0	0	0	255	255	255	255	255	0	0	// Package Box A (1 UN)
5340	5340	500	7303	0	0	0	0	0	0	0	0	255	255	255	255	255	0	0	// Package Box B (1 UN)
5350	5350	500	7304	0	0	0	0	0	0	0	0	255	255	255	255	255	0	0	// Package Box C (1 UN)
5360	5360	500	7305	0	0	0	0	0	0	0	0	255	255	255	255	255	0	0	// Package Box D (1 UN)
5370	5370	500	7306	0	0	0	0	0	0	0	0	255	255	255	255	255	0	0	// Package Box E (1 UN)
5380	5380	500	7307	0	0	0	0	0	0	0	0	255	255	255	255	255	0	0	// Package Box F (1 UN)
5390	5390	100	6656	0	0	0	0	0	0	0	0	255	255	255	255	255	0	0	// Guardian Angel (1 UN)
5400	5400	100	6657	0	0	0	0	0	0	0	0	255	255	255	255	255	0	0	// Imp (1 UN)
5410	5410	100	6658	0	0	0	0	0	0	0	0	255	255	255	255	255	0	0	// Horn of Uniria (1 UN)
5420	5420	100	6659	0	0	0	0	0	0	0	0	255	255	255	255	255	0	0	// Horn of Dinorant (1 UN)
5430	5430	500	6660	0	0	0	0	0	0	0	0	255	255	255	255	255	0	172800	// Dark Horse (48 Hours)
5440	5440	500	6661	0	0	0	0	0	0	0	0	255	255	255	255	255	0	172800	// Dark Raven (48 Hours)
5450	5450	100	6688	0	0	0	0	0	0	0	0	255	255	255	255	255	0	0	// Splinter of Armor (1 UN)
5460	5460	100	6689	0	0	0	0	0	0	0	0	255	255	255	255	255	0	0	// Bless of Guardian (1 UN)
5470	5470	100	6690	0	0	0	0	0	0	0	0	255	255	255	255	255	0	0	// Claw of Beast (1 UN)
5480	5480	100	6691	0	0	0	0	0	0	0	0	255	255	255	255	255	0	0	// Fragment of Horn (1 UN)
5490	5490	100	6692	0	0	0	0	0	0	0	0	255	255	255	255	255	0	0	// Broken Horn (1 UN)
5500	5500	100	6694	0	0	0	0	0	0	0	0	255	255	255	255	255	0	0	// Moonstone Pendant (1 UN)
5510	5510	200	7200	0	0	0	0	0	0	0	0	255	255	255	255	255	0	0	// Pink Chocolate Box (1 UN)
5520	5520	300	7201	0	0	0	0	0	0	0	0	255	255	255	255	255	0	0	// Red Chocolate Box (1 UN)
5530	5530	300	7179	0	0	0	0	0	0	0	0	255	255	255	255	255	0	0	// Box of Luck (1 UN)
5540	5540	200	7201	0	0	0	0	0	0	0	0	255	255	255	255	255	0	0	// Red Chocolate Box (1 UN)
end
