//|================================================================|
//| Zythe CashShop Editor                                          |
//| Credit: Zyth3/louis                          [skype:tec-facil] |
//|================================================================|
//Cat	ID	Main	Item	Coin	Price	Bonus	PBase1	PBase2	PBase3	PBase4	PBase5	PBase6	PBase7	PBase8	PBase9	PBase10	PMain1	PMain2	PMain3	PMain4	PMain5	PMain6	PMain7	PMain8	PMain9	PMain10	Comment
31	100	100	1	508	500	0	1000	0	0	0	0	0	0	0	0	0	1000	0	0	0	0	0	0	0	0	0	// Bronze Helm
31	101	101	1	508	500	0	1010	0	0	0	0	0	0	0	0	0	1010	0	0	0	0	0	0	0	0	0	// Dragon Helm
31	102	102	1	508	500	0	1020	0	0	0	0	0	0	0	0	0	1020	0	0	0	0	0	0	0	0	0	// Pad Helm
31	103	103	1	508	500	0	1030	0	0	0	0	0	0	0	0	0	1030	0	0	0	0	0	0	0	0	0	// Legendary Helm
31	104	104	1	508	500	0	1040	0	0	0	0	0	0	0	0	0	1040	0	0	0	0	0	0	0	0	0	// Bone Helm
31	105	105	1	508	500	0	1050	0	0	0	0	0	0	0	0	0	1050	0	0	0	0	0	0	0	0	0	// Leather Helm
31	106	106	1	508	500	0	1060	0	0	0	0	0	0	0	0	0	1060	0	0	0	0	0	0	0	0	0	// Scale Helm
31	107	107	1	508	500	0	1070	0	0	0	0	0	0	0	0	0	1070	0	0	0	0	0	0	0	0	0	// Sphinx Mask
31	108	108	1	508	500	0	1080	0	0	0	0	0	0	0	0	0	1080	0	0	0	0	0	0	0	0	0	// Brass Helm
31	109	109	1	508	500	0	1090	0	0	0	0	0	0	0	0	0	1090	0	0	0	0	0	0	0	0	0	// Plate Helm
31	110	110	1	508	500	0	1100	0	0	0	0	0	0	0	0	0	1100	0	0	0	0	0	0	0	0	0	// Vine Helm
31	111	111	1	508	500	0	1110	0	0	0	0	0	0	0	0	0	1110	0	0	0	0	0	0	0	0	0	// Silk Helm
31	112	112	1	508	500	0	1120	0	0	0	0	0	0	0	0	0	1120	0	0	0	0	0	0	0	0	0	// Wind Helm
31	113	113	1	508	500	0	1130	0	0	0	0	0	0	0	0	0	1130	0	0	0	0	0	0	0	0	0	// Spirit Helm
31	114	114	1	508	500	0	1140	0	0	0	0	0	0	0	0	0	1140	0	0	0	0	0	0	0	0	0	// Guardian Helm
31	115	115	1	508	500	0	1150	0	0	0	0	0	0	0	0	0	1150	0	0	0	0	0	0	0	0	0	// Black Dragon Helm
31	116	116	1	508	500	0	1160	0	0	0	0	0	0	0	0	0	1160	0	0	0	0	0	0	0	0	0	// Dark Phoenix Helm
31	117	117	1	508	500	0	1170	0	0	0	0	0	0	0	0	0	1170	0	0	0	0	0	0	0	0	0	// Grand Soul Helm
31	118	118	1	508	500	0	1180	0	0	0	0	0	0	0	0	0	1180	0	0	0	0	0	0	0	0	0	// Holy Spirit Helm
31	119	119	1	508	500	0	1190	0	0	0	0	0	0	0	0	0	1190	0	0	0	0	0	0	0	0	0	// Great Dragon Helm
31	120	120	1	508	500	0	1200	0	0	0	0	0	0	0	0	0	1200	0	0	0	0	0	0	0	0	0	// Dark Soul Helm
31	121	121	1	508	500	0	1210	0	0	0	0	0	0	0	0	0	1210	0	0	0	0	0	0	0	0	0	// Red Spirit Helm
31	122	122	1	508	500	0	1220	0	0	0	0	0	0	0	0	0	1220	0	0	0	0	0	0	0	0	0	// Light Plate Mask
31	123	123	1	508	500	0	1230	0	0	0	0	0	0	0	0	0	1230	0	0	0	0	0	0	0	0	0	// Adamantine Mask
31	124	124	1	508	500	0	1240	0	0	0	0	0	0	0	0	0	1240	0	0	0	0	0	0	0	0	0	// Dark Steel Mask
31	125	125	1	508	500	0	1250	0	0	0	0	0	0	0	0	0	1250	0	0	0	0	0	0	0	0	0	// Dark Master Mask
31	126	126	1	508	1000	0	1260	0	0	0	0	0	0	0	0	0	1260	0	0	0	0	0	0	0	0	0	// Dragon Knight Helm
31	127	127	1	508	1000	0	1270	0	0	0	0	0	0	0	0	0	1270	0	0	0	0	0	0	0	0	0	// Venom Mist Helm
31	128	128	1	508	1000	0	1280	0	0	0	0	0	0	0	0	0	1280	0	0	0	0	0	0	0	0	0	// Sylphid Ray Helm
31	129	129	1	508	1000	0	1290	0	0	0	0	0	0	0	0	0	1290	0	0	0	0	0	0	0	0	0	// Sunlight Mask
31	130	130	1	508	1000	0	1300	0	0	0	0	0	0	0	0	0	1300	0	0	0	0	0	0	0	0	0	// Ashcrow Helm
31	131	131	1	508	1000	0	1310	0	0	0	0	0	0	0	0	0	1310	0	0	0	0	0	0	0	0	0	// Eclipse Helm
31	132	132	1	508	1000	0	1320	0	0	0	0	0	0	0	0	0	1320	0	0	0	0	0	0	0	0	0	// Iris Helm
31	133	133	1	508	1000	0	1330	0	0	0	0	0	0	0	0	0	1330	0	0	0	0	0	0	0	0	0	// Glorious Mask
31	134	134	1	508	1000	0	1340	0	0	0	0	0	0	0	0	0	1340	0	0	0	0	0	0	0	0	0	// Violent Wind Helm
31	135	135	1	508	1000	0	1350	0	0	0	0	0	0	0	0	0	1350	0	0	0	0	0	0	0	0	0	// Red Wing Helm
31	136	136	1	508	1000	0	1360	0	0	0	0	0	0	0	0	0	1360	0	0	0	0	0	0	0	0	0	// Ancient Helm
31	137	137	1	508	1000	0	1370	0	0	0	0	0	0	0	0	0	1370	0	0	0	0	0	0	0	0	0	// Demonic Helm
31	138	138	1	508	1000	0	1380	0	0	0	0	0	0	0	0	0	1380	0	0	0	0	0	0	0	0	0	// Storm Blitz Helm
31	139	139	1	508	1000	0	1390	0	0	0	0	0	0	0	0	0	1390	0	0	0	0	0	0	0	0	0	// Eternal Wing Helm
31	140	140	1	508	1500	0	1400	0	0	0	0	0	0	0	0	0	1400	0	0	0	0	0	0	0	0	0	// Titan  Helm
31	141	141	1	508	1500	0	1410	0	0	0	0	0	0	0	0	0	1410	0	0	0	0	0	0	0	0	0	// Brave Helm
31	142	142	1	508	1500	0	1420	0	0	0	0	0	0	0	0	0	1420	0	0	0	0	0	0	0	0	0	// Seraphim Helm
31	143	143	1	508	1500	0	1430	0	0	0	0	0	0	0	0	0	1430	0	0	0	0	0	0	0	0	0	// Divine Helm
31	144	144	1	508	1500	0	1440	0	0	0	0	0	0	0	0	0	1440	0	0	0	0	0	0	0	0	0	// Royal Mask
31	145	145	1	508	1500	0	1450	0	0	0	0	0	0	0	0	0	1450	0	0	0	0	0	0	0	0	0	// Hades Helm
31	146	146	1	508	500	0	1460	0	0	0	0	0	0	0	0	0	1460	0	0	0	0	0	0	0	0	0	// Sacred Fire Helm
31	147	147	1	508	1000	0	1470	0	0	0	0	0	0	0	0	0	1470	0	0	0	0	0	0	0	0	0	// Piercing Groove Helm
31	148	148	1	508	1500	0	1480	0	0	0	0	0	0	0	0	0	1480	0	0	0	0	0	0	0	0	0	// Phoenix Soul Helmet
32	149	149	1	508	500	0	1490	0	0	0	0	0	0	0	0	0	1490	0	0	0	0	0	0	0	0	0	// Bronze Armor
32	150	150	1	508	500	0	1500	0	0	0	0	0	0	0	0	0	1500	0	0	0	0	0	0	0	0	0	// Dragon Armor
32	151	151	1	508	500	0	1510	0	0	0	0	0	0	0	0	0	1510	0	0	0	0	0	0	0	0	0	// Pad Armor
32	152	152	1	508	500	0	1520	0	0	0	0	0	0	0	0	0	1520	0	0	0	0	0	0	0	0	0	// Legendary Armor
32	153	153	1	508	500	0	1530	0	0	0	0	0	0	0	0	0	1530	0	0	0	0	0	0	0	0	0	// Bone Armor
32	154	154	1	508	500	0	1540	0	0	0	0	0	0	0	0	0	1540	0	0	0	0	0	0	0	0	0	// Leather Armor
32	155	155	1	508	500	0	1550	0	0	0	0	0	0	0	0	0	1550	0	0	0	0	0	0	0	0	0	// Scale Armor
32	156	156	1	508	500	0	1560	0	0	0	0	0	0	0	0	0	1560	0	0	0	0	0	0	0	0	0	// Sphinx Armor
32	157	157	1	508	500	0	1570	0	0	0	0	0	0	0	0	0	1570	0	0	0	0	0	0	0	0	0	// Brass Armor
32	158	158	1	508	500	0	1580	0	0	0	0	0	0	0	0	0	1580	0	0	0	0	0	0	0	0	0	// Plate Armor
32	159	159	1	508	500	0	1590	0	0	0	0	0	0	0	0	0	1590	0	0	0	0	0	0	0	0	0	// Vine Armor
32	160	160	1	508	500	0	1600	0	0	0	0	0	0	0	0	0	1600	0	0	0	0	0	0	0	0	0	// Silk Armor
32	161	161	1	508	500	0	1610	0	0	0	0	0	0	0	0	0	1610	0	0	0	0	0	0	0	0	0	// Wind Armor
32	162	162	1	508	500	0	1620	0	0	0	0	0	0	0	0	0	1620	0	0	0	0	0	0	0	0	0	// Spirit Armor
32	163	163	1	508	500	0	1630	0	0	0	0	0	0	0	0	0	1630	0	0	0	0	0	0	0	0	0	// Guardian Armor
32	164	164	1	508	500	0	1640	0	0	0	0	0	0	0	0	0	1640	0	0	0	0	0	0	0	0	0	// Storm Crow Armor
32	165	165	1	508	500	0	1650	0	0	0	0	0	0	0	0	0	1650	0	0	0	0	0	0	0	0	0	// Black Dragon Armor
32	166	166	1	508	500	0	1660	0	0	0	0	0	0	0	0	0	1660	0	0	0	0	0	0	0	0	0	// Dark Phoenix Armor
32	167	167	1	508	500	0	1670	0	0	0	0	0	0	0	0	0	1670	0	0	0	0	0	0	0	0	0	// Grand Soul Armor
32	168	168	1	508	500	0	1680	0	0	0	0	0	0	0	0	0	1680	0	0	0	0	0	0	0	0	0	// Holy Spirit Armor
32	169	169	1	508	500	0	1690	0	0	0	0	0	0	0	0	0	1690	0	0	0	0	0	0	0	0	0	// Thunder Hawk Armor
32	170	170	1	508	500	0	1700	0	0	0	0	0	0	0	0	0	1700	0	0	0	0	0	0	0	0	0	// Great Dragon Armor
32	171	171	1	508	500	0	1710	0	0	0	0	0	0	0	0	0	1710	0	0	0	0	0	0	0	0	0	// Dark Soul Armor
32	172	172	1	508	500	0	1720	0	0	0	0	0	0	0	0	0	1720	0	0	0	0	0	0	0	0	0	// Hurricane Armor
32	173	173	1	508	500	0	1730	0	0	0	0	0	0	0	0	0	1730	0	0	0	0	0	0	0	0	0	// Red Sprit Armor
32	174	174	1	508	500	0	1740	0	0	0	0	0	0	0	0	0	1740	0	0	0	0	0	0	0	0	0	// Light Plate Armor
32	175	175	1	508	500	0	1750	0	0	0	0	0	0	0	0	0	1750	0	0	0	0	0	0	0	0	0	// Adamantine Armor
32	176	176	1	508	500	0	1760	0	0	0	0	0	0	0	0	0	1760	0	0	0	0	0	0	0	0	0	// Dark Steel Armor
32	177	177	1	508	500	0	1770	0	0	0	0	0	0	0	0	0	1770	0	0	0	0	0	0	0	0	0	// Dark Master Armor
32	178	178	1	508	500	0	1780	0	0	0	0	0	0	0	0	0	1780	0	0	0	0	0	0	0	0	0	// Sacred Fire Armor
32	179	179	1	508	1000	0	1790	0	0	0	0	0	0	0	0	0	1790	0	0	0	0	0	0	0	0	0	// Dragon Knight Armor
32	180	180	1	508	1000	0	1800	0	0	0	0	0	0	0	0	0	1800	0	0	0	0	0	0	0	0	0	// Venom Mist Armor
32	181	181	1	508	1000	0	1810	0	0	0	0	0	0	0	0	0	1810	0	0	0	0	0	0	0	0	0	// Sylphid Ray Armor
32	182	182	1	508	1000	0	1820	0	0	0	0	0	0	0	0	0	1820	0	0	0	0	0	0	0	0	0	// Volcano Armor
32	183	183	1	508	1000	0	1830	0	0	0	0	0	0	0	0	0	1830	0	0	0	0	0	0	0	0	0	// Sunlight Armor
32	184	184	1	508	1000	0	1840	0	0	0	0	0	0	0	0	0	1840	0	0	0	0	0	0	0	0	0	// Ashcrow Armor
32	185	185	1	508	1000	0	1850	0	0	0	0	0	0	0	0	0	1850	0	0	0	0	0	0	0	0	0	// Iris Armor
32	186	186	1	508	1000	0	1860	0	0	0	0	0	0	0	0	0	1860	0	0	0	0	0	0	0	0	0	// Eclipse Armor
32	187	187	1	508	1000	0	1870	0	0	0	0	0	0	0	0	0	1870	0	0	0	0	0	0	0	0	0	// Valiant Armor
32	188	188	1	508	1000	0	1880	0	0	0	0	0	0	0	0	0	1880	0	0	0	0	0	0	0	0	0	// Glorious Armor
32	189	189	1	508	1000	0	1890	0	0	0	0	0	0	0	0	0	1890	0	0	0	0	0	0	0	0	0	// Violent Wind Armor
32	190	190	1	508	1000	0	1900	0	0	0	0	0	0	0	0	0	1900	0	0	0	0	0	0	0	0	0	// Red Wing Armor
32	191	191	1	508	1000	0	1910	0	0	0	0	0	0	0	0	0	1910	0	0	0	0	0	0	0	0	0	// Ancient Armor
32	192	192	1	508	1000	0	1920	0	0	0	0	0	0	0	0	0	1920	0	0	0	0	0	0	0	0	0	// Demonic Armor
32	193	193	1	508	1000	0	1930	0	0	0	0	0	0	0	0	0	1930	0	0	0	0	0	0	0	0	0	// Storm Blitz Armor
32	194	194	1	508	1000	0	1940	0	0	0	0	0	0	0	0	0	1940	0	0	0	0	0	0	0	0	0	// Eternal Wing Armor
32	195	195	1	508	1000	0	1950	0	0	0	0	0	0	0	0	0	1950	0	0	0	0	0	0	0	0	0	// Piercing Groove Armor
32	196	196	1	508	1500	0	1960	0	0	0	0	0	0	0	0	0	1960	0	0	0	0	0	0	0	0	0	// Titan  Armor
32	197	197	1	508	1500	0	1970	0	0	0	0	0	0	0	0	0	1970	0	0	0	0	0	0	0	0	0	// Brave Armor
32	198	198	1	508	1500	0	1980	0	0	0	0	0	0	0	0	0	1980	0	0	0	0	0	0	0	0	0	// Phantom  Armor
32	199	199	1	508	1500	0	1990	0	0	0	0	0	0	0	0	0	1990	0	0	0	0	0	0	0	0	0	// Destroy Armor
32	200	200	1	508	1500	0	2000	0	0	0	0	0	0	0	0	0	2000	0	0	0	0	0	0	0	0	0	// Seraphim Armor
32	201	201	1	508	1500	0	2010	0	0	0	0	0	0	0	0	0	2010	0	0	0	0	0	0	0	0	0	// Divine Armor
32	202	202	1	508	1500	0	2020	0	0	0	0	0	0	0	0	0	2020	0	0	0	0	0	0	0	0	0	// Royal Armor
32	203	203	1	508	1500	0	2030	0	0	0	0	0	0	0	0	0	2030	0	0	0	0	0	0	0	0	0	// Hades Armor
32	204	204	1	508	1500	0	2040	0	0	0	0	0	0	0	0	0	2040	0	0	0	0	0	0	0	0	0	// Phoenix Soul Armor
33	205	205	1	508	500	0	2050	0	0	0	0	0	0	0	0	0	2050	0	0	0	0	0	0	0	0	0	// Bronze Pants
33	206	206	1	508	500	0	2060	0	0	0	0	0	0	0	0	0	2060	0	0	0	0	0	0	0	0	0	// Dragon Pants
33	207	207	1	508	500	0	2070	0	0	0	0	0	0	0	0	0	2070	0	0	0	0	0	0	0	0	0	// Pad Pants
33	208	208	1	508	500	0	2080	0	0	0	0	0	0	0	0	0	2080	0	0	0	0	0	0	0	0	0	// Legendary Pants
33	209	209	1	508	500	0	2090	0	0	0	0	0	0	0	0	0	2090	0	0	0	0	0	0	0	0	0	// Bone Pants
33	210	210	1	508	500	0	2100	0	0	0	0	0	0	0	0	0	2100	0	0	0	0	0	0	0	0	0	// Leather Pants
33	211	211	1	508	500	0	2110	0	0	0	0	0	0	0	0	0	2110	0	0	0	0	0	0	0	0	0	// Scale Pants
33	212	212	1	508	500	0	2120	0	0	0	0	0	0	0	0	0	2120	0	0	0	0	0	0	0	0	0	// Sphinx Pants
33	213	213	1	508	500	0	2130	0	0	0	0	0	0	0	0	0	2130	0	0	0	0	0	0	0	0	0	// Brass Pants
33	214	214	1	508	500	0	2140	0	0	0	0	0	0	0	0	0	2140	0	0	0	0	0	0	0	0	0	// Plate Pants
33	215	215	1	508	500	0	2150	0	0	0	0	0	0	0	0	0	2150	0	0	0	0	0	0	0	0	0	// Vine Pants
33	216	216	1	508	500	0	2160	0	0	0	0	0	0	0	0	0	2160	0	0	0	0	0	0	0	0	0	// Silk Pants
33	217	217	1	508	500	0	2170	0	0	0	0	0	0	0	0	0	2170	0	0	0	0	0	0	0	0	0	// Wind Pants
33	218	218	1	508	500	0	2180	0	0	0	0	0	0	0	0	0	2180	0	0	0	0	0	0	0	0	0	// Spirit Pants
33	219	219	1	508	500	0	2190	0	0	0	0	0	0	0	0	0	2190	0	0	0	0	0	0	0	0	0	// Guardian Pants
33	220	220	1	508	500	0	2200	0	0	0	0	0	0	0	0	0	2200	0	0	0	0	0	0	0	0	0	// Storm Crow Pants
33	221	221	1	508	500	0	2210	0	0	0	0	0	0	0	0	0	2210	0	0	0	0	0	0	0	0	0	// Black Dragon Pants
33	222	222	1	508	500	0	2220	0	0	0	0	0	0	0	0	0	2220	0	0	0	0	0	0	0	0	0	// Dark Phoenix Pants
33	223	223	1	508	500	0	2230	0	0	0	0	0	0	0	0	0	2230	0	0	0	0	0	0	0	0	0	// Grand Soul Pants
33	224	224	1	508	500	0	2240	0	0	0	0	0	0	0	0	0	2240	0	0	0	0	0	0	0	0	0	// Holy Spirit Pants
33	225	225	1	508	500	0	2250	0	0	0	0	0	0	0	0	0	2250	0	0	0	0	0	0	0	0	0	// Thunder Hawk Pants
33	226	226	1	508	500	0	2260	0	0	0	0	0	0	0	0	0	2260	0	0	0	0	0	0	0	0	0	// Great Dragon Pants
33	227	227	1	508	500	0	2270	0	0	0	0	0	0	0	0	0	2270	0	0	0	0	0	0	0	0	0	// Dark Soul Pants
33	228	228	1	508	500	0	2280	0	0	0	0	0	0	0	0	0	2280	0	0	0	0	0	0	0	0	0	// Hurricane Pants
33	229	229	1	508	500	0	2290	0	0	0	0	0	0	0	0	0	2290	0	0	0	0	0	0	0	0	0	// Red Spirit Pants
33	230	230	1	508	500	0	2300	0	0	0	0	0	0	0	0	0	2300	0	0	0	0	0	0	0	0	0	// Light Plate Pants
33	231	231	1	508	500	0	2310	0	0	0	0	0	0	0	0	0	2310	0	0	0	0	0	0	0	0	0	// Adamantine Pants
33	232	232	1	508	500	0	2320	0	0	0	0	0	0	0	0	0	2320	0	0	0	0	0	0	0	0	0	// Dark Steel Pants
33	233	233	1	508	500	0	2330	0	0	0	0	0	0	0	0	0	2330	0	0	0	0	0	0	0	0	0	// Dark Master Pants
33	234	234	1	508	500	0	2340	0	0	0	0	0	0	0	0	0	2340	0	0	0	0	0	0	0	0	0	// Sacred Fire Pants
33	235	235	1	508	1000	0	2350	0	0	0	0	0	0	0	0	0	2350	0	0	0	0	0	0	0	0	0	// Dragon Knight Pants
33	236	236	1	508	1000	0	2360	0	0	0	0	0	0	0	0	0	2360	0	0	0	0	0	0	0	0	0	// Venom Mist Pants
33	237	237	1	508	1000	0	2370	0	0	0	0	0	0	0	0	0	2370	0	0	0	0	0	0	0	0	0	// Sylphid Ray Pants
33	238	238	1	508	1000	0	2380	0	0	0	0	0	0	0	0	0	2380	0	0	0	0	0	0	0	0	0	// Volcano Pants
33	239	239	1	508	1000	0	2390	0	0	0	0	0	0	0	0	0	2390	0	0	0	0	0	0	0	0	0	// Sunlight Pants
33	240	240	1	508	1000	0	2400	0	0	0	0	0	0	0	0	0	2400	0	0	0	0	0	0	0	0	0	// Ashcrow Pants
33	241	241	1	508	1000	0	2410	0	0	0	0	0	0	0	0	0	2410	0	0	0	0	0	0	0	0	0	// Eclipse Pants
33	242	242	1	508	1000	0	2420	0	0	0	0	0	0	0	0	0	2420	0	0	0	0	0	0	0	0	0	// Iris Pants
33	243	243	1	508	1000	0	2430	0	0	0	0	0	0	0	0	0	2430	0	0	0	0	0	0	0	0	0	// Valiant Pants
33	244	244	1	508	1000	0	2440	0	0	0	0	0	0	0	0	0	2440	0	0	0	0	0	0	0	0	0	// Glorious Pants
33	245	245	1	508	1000	0	2450	0	0	0	0	0	0	0	0	0	2450	0	0	0	0	0	0	0	0	0	// Violent Wind Pants
33	246	246	1	508	1000	0	2460	0	0	0	0	0	0	0	0	0	2460	0	0	0	0	0	0	0	0	0	// Red Wing Pants
33	247	247	1	508	1000	0	2470	0	0	0	0	0	0	0	0	0	2470	0	0	0	0	0	0	0	0	0	// Ancient Pants
33	248	248	1	508	1000	0	2480	0	0	0	0	0	0	0	0	0	2480	0	0	0	0	0	0	0	0	0	// Demonic Pants
33	249	249	1	508	1000	0	2490	0	0	0	0	0	0	0	0	0	2490	0	0	0	0	0	0	0	0	0	// Storm Blitz Pants
33	250	250	1	508	1000	0	2500	0	0	0	0	0	0	0	0	0	2500	0	0	0	0	0	0	0	0	0	// Eternal Wing Pants
33	251	251	1	508	1000	0	2510	0	0	0	0	0	0	0	0	0	2510	0	0	0	0	0	0	0	0	0	// Piercing Groove Pants
33	252	252	1	508	1500	0	2520	0	0	0	0	0	0	0	0	0	2520	0	0	0	0	0	0	0	0	0	// Titan  Pants
33	253	253	1	508	1500	0	2530	0	0	0	0	0	0	0	0	0	2530	0	0	0	0	0	0	0	0	0	// Brave Pants
33	254	254	1	508	1500	0	2540	0	0	0	0	0	0	0	0	0	2540	0	0	0	0	0	0	0	0	0	// Phantom  Pants
33	255	255	1	508	1500	0	2550	0	0	0	0	0	0	0	0	0	2550	0	0	0	0	0	0	0	0	0	// Destroy Pants
33	256	256	1	508	1500	0	2560	0	0	0	0	0	0	0	0	0	2560	0	0	0	0	0	0	0	0	0	// Seraphim Pants
33	257	257	1	508	1500	0	2570	0	0	0	0	0	0	0	0	0	2570	0	0	0	0	0	0	0	0	0	// Divine Pants
33	258	258	1	508	1500	0	2580	0	0	0	0	0	0	0	0	0	2580	0	0	0	0	0	0	0	0	0	// Royal Pants
33	259	259	1	508	1500	0	2590	0	0	0	0	0	0	0	0	0	2590	0	0	0	0	0	0	0	0	0	// Hades Pants
33	260	260	1	508	1500	0	2600	0	0	0	0	0	0	0	0	0	2600	0	0	0	0	0	0	0	0	0	// Phoenix Soul Pants
34	261	261	1	508	500	0	2610	0	0	0	0	0	0	0	0	0	2610	0	0	0	0	0	0	0	0	0	// Bronze Gloves
34	262	262	1	508	500	0	2620	0	0	0	0	0	0	0	0	0	2620	0	0	0	0	0	0	0	0	0	// Dragon Gloves
34	263	263	1	508	500	0	2630	0	0	0	0	0	0	0	0	0	2630	0	0	0	0	0	0	0	0	0	// Pad Gloves
34	264	264	1	508	500	0	2640	0	0	0	0	0	0	0	0	0	2640	0	0	0	0	0	0	0	0	0	// Legendary Gloves
34	265	265	1	508	500	0	2650	0	0	0	0	0	0	0	0	0	2650	0	0	0	0	0	0	0	0	0	// Bone Gloves
34	266	266	1	508	500	0	2660	0	0	0	0	0	0	0	0	0	2660	0	0	0	0	0	0	0	0	0	// Leather Gloves
34	267	267	1	508	500	0	2670	0	0	0	0	0	0	0	0	0	2670	0	0	0	0	0	0	0	0	0	// Scale Gloves
34	268	268	1	508	500	0	2680	0	0	0	0	0	0	0	0	0	2680	0	0	0	0	0	0	0	0	0	// Sphinx Gloves
34	269	269	1	508	500	0	2690	0	0	0	0	0	0	0	0	0	2690	0	0	0	0	0	0	0	0	0	// Brass Gloves
34	270	270	1	508	500	0	2700	0	0	0	0	0	0	0	0	0	2700	0	0	0	0	0	0	0	0	0	// Plate Gloves
34	271	271	1	508	500	0	2710	0	0	0	0	0	0	0	0	0	2710	0	0	0	0	0	0	0	0	0	// Vine Gloves
34	272	272	1	508	500	0	2720	0	0	0	0	0	0	0	0	0	2720	0	0	0	0	0	0	0	0	0	// Silk Gloves
34	273	273	1	508	500	0	2730	0	0	0	0	0	0	0	0	0	2730	0	0	0	0	0	0	0	0	0	// Wind Gloves
34	274	274	1	508	500	0	2740	0	0	0	0	0	0	0	0	0	2740	0	0	0	0	0	0	0	0	0	// Spirit Gloves
34	275	275	1	508	500	0	2750	0	0	0	0	0	0	0	0	0	2750	0	0	0	0	0	0	0	0	0	// Guardian Gloves
34	276	276	1	508	500	0	2760	0	0	0	0	0	0	0	0	0	2760	0	0	0	0	0	0	0	0	0	// Storm Crow Gloves
34	277	277	1	508	500	0	2770	0	0	0	0	0	0	0	0	0	2770	0	0	0	0	0	0	0	0	0	// Black Dragon Gloves
34	278	278	1	508	500	0	2780	0	0	0	0	0	0	0	0	0	2780	0	0	0	0	0	0	0	0	0	// Dark Phoenix Gloves
34	279	279	1	508	500	0	2790	0	0	0	0	0	0	0	0	0	2790	0	0	0	0	0	0	0	0	0	// Grand Soul Gloves
34	280	280	1	508	500	0	2800	0	0	0	0	0	0	0	0	0	2800	0	0	0	0	0	0	0	0	0	// Holy Spirit Gloves
34	281	281	1	508	500	0	2810	0	0	0	0	0	0	0	0	0	2810	0	0	0	0	0	0	0	0	0	// Thunder Hawk Gloves
34	282	282	1	508	500	0	2820	0	0	0	0	0	0	0	0	0	2820	0	0	0	0	0	0	0	0	0	// Great Dragon Gloves
34	283	283	1	508	500	0	2830	0	0	0	0	0	0	0	0	0	2830	0	0	0	0	0	0	0	0	0	// Dark Soul Gloves
34	284	284	1	508	500	0	2840	0	0	0	0	0	0	0	0	0	2840	0	0	0	0	0	0	0	0	0	// Hurricane Gloves
34	285	285	1	508	500	0	2850	0	0	0	0	0	0	0	0	0	2850	0	0	0	0	0	0	0	0	0	// Red Spirit Gloves
34	286	286	1	508	500	0	2860	0	0	0	0	0	0	0	0	0	2860	0	0	0	0	0	0	0	0	0	// Light Plate Gloves
34	287	287	1	508	500	0	2870	0	0	0	0	0	0	0	0	0	2870	0	0	0	0	0	0	0	0	0	// Adamantine Gloves
34	288	288	1	508	500	0	2880	0	0	0	0	0	0	0	0	0	2880	0	0	0	0	0	0	0	0	0	// Dark Steel Gloves
34	289	289	1	508	500	0	2890	0	0	0	0	0	0	0	0	0	2890	0	0	0	0	0	0	0	0	0	// Dark Master Gloves
34	290	290	1	508	1000	0	2900	0	0	0	0	0	0	0	0	0	2900	0	0	0	0	0	0	0	0	0	// Dragon Knight Gloves
34	291	291	1	508	1000	0	2910	0	0	0	0	0	0	0	0	0	2910	0	0	0	0	0	0	0	0	0	// Venom Mist Gloves
34	292	292	1	508	1000	0	2920	0	0	0	0	0	0	0	0	0	2920	0	0	0	0	0	0	0	0	0	// Sylphid Ray Gloves
34	293	293	1	508	1000	0	2930	0	0	0	0	0	0	0	0	0	2930	0	0	0	0	0	0	0	0	0	// Volcano Gloves
34	294	294	1	508	1000	0	2940	0	0	0	0	0	0	0	0	0	2940	0	0	0	0	0	0	0	0	0	// Sunlight Gloves
34	295	295	1	508	1000	0	2950	0	0	0	0	0	0	0	0	0	2950	0	0	0	0	0	0	0	0	0	// Ashcrow Gloves
34	296	296	1	508	1000	0	2960	0	0	0	0	0	0	0	0	0	2960	0	0	0	0	0	0	0	0	0	// Eclipse Gloves
34	297	297	1	508	1000	0	2970	0	0	0	0	0	0	0	0	0	2970	0	0	0	0	0	0	0	0	0	// Iris Gloves
34	298	298	1	508	1000	0	2980	0	0	0	0	0	0	0	0	0	2980	0	0	0	0	0	0	0	0	0	// Valiant Gloves
34	299	299	1	508	1000	0	2990	0	0	0	0	0	0	0	0	0	2990	0	0	0	0	0	0	0	0	0	// Glorious Gloves
34	300	300	1	508	1000	0	3000	0	0	0	0	0	0	0	0	0	3000	0	0	0	0	0	0	0	0	0	// Violent Wind Gloves
34	301	301	1	508	1000	0	3010	0	0	0	0	0	0	0	0	0	3010	0	0	0	0	0	0	0	0	0	// Red Wing Gloves
34	302	302	1	508	1000	0	3020	0	0	0	0	0	0	0	0	0	3020	0	0	0	0	0	0	0	0	0	// Ancient Gloves
34	303	303	1	508	1000	0	3030	0	0	0	0	0	0	0	0	0	3030	0	0	0	0	0	0	0	0	0	// Demonic Gloves
34	304	304	1	508	1000	0	3040	0	0	0	0	0	0	0	0	0	3040	0	0	0	0	0	0	0	0	0	// Storm Blitz Gloves
34	305	305	1	508	1000	0	3050	0	0	0	0	0	0	0	0	0	3050	0	0	0	0	0	0	0	0	0	// Eternal Wing Gloves
34	306	306	1	508	1500	0	3060	0	0	0	0	0	0	0	0	0	3060	0	0	0	0	0	0	0	0	0	// Titan  Gloves
34	307	307	1	508	1500	0	3070	0	0	0	0	0	0	0	0	0	3070	0	0	0	0	0	0	0	0	0	// Brave Gloves
34	308	308	1	508	1500	0	3080	0	0	0	0	0	0	0	0	0	3080	0	0	0	0	0	0	0	0	0	// Phantom  Gloves
34	309	309	1	508	1500	0	3090	0	0	0	0	0	0	0	0	0	3090	0	0	0	0	0	0	0	0	0	// Destroy Gloves
34	310	310	1	508	1500	0	3100	0	0	0	0	0	0	0	0	0	3100	0	0	0	0	0	0	0	0	0	// Seraphim Gloves
34	311	311	1	508	1500	0	3110	0	0	0	0	0	0	0	0	0	3110	0	0	0	0	0	0	0	0	0	// Divine Gloves
34	312	312	1	508	1500	0	3120	0	0	0	0	0	0	0	0	0	3120	0	0	0	0	0	0	0	0	0	// Royal Gloves
34	313	313	1	508	1500	0	3130	0	0	0	0	0	0	0	0	0	3130	0	0	0	0	0	0	0	0	0	// Hades Gloves
35	314	314	1	508	500	0	3140	0	0	0	0	0	0	0	0	0	3140	0	0	0	0	0	0	0	0	0	// Bronze Boots
35	315	315	1	508	500	0	3150	0	0	0	0	0	0	0	0	0	3150	0	0	0	0	0	0	0	0	0	// Dragon Boots
35	316	316	1	508	500	0	3160	0	0	0	0	0	0	0	0	0	3160	0	0	0	0	0	0	0	0	0	// Pad Boots
35	317	317	1	508	500	0	3170	0	0	0	0	0	0	0	0	0	3170	0	0	0	0	0	0	0	0	0	// Legendary Boots
35	318	318	1	508	500	0	3180	0	0	0	0	0	0	0	0	0	3180	0	0	0	0	0	0	0	0	0	// Bone Boots
35	319	319	1	508	500	0	3190	0	0	0	0	0	0	0	0	0	3190	0	0	0	0	0	0	0	0	0	// Leather Boots
35	320	320	1	508	500	0	3200	0	0	0	0	0	0	0	0	0	3200	0	0	0	0	0	0	0	0	0	// Scale Boots
35	321	321	1	508	500	0	3210	0	0	0	0	0	0	0	0	0	3210	0	0	0	0	0	0	0	0	0	// Sphinx Boots
35	322	322	1	508	500	0	3220	0	0	0	0	0	0	0	0	0	3220	0	0	0	0	0	0	0	0	0	// Brass Boots
35	323	323	1	508	500	0	3230	0	0	0	0	0	0	0	0	0	3230	0	0	0	0	0	0	0	0	0	// Plate Boots
35	324	324	1	508	500	0	3240	0	0	0	0	0	0	0	0	0	3240	0	0	0	0	0	0	0	0	0	// Vine Boots
35	325	325	1	508	500	0	3250	0	0	0	0	0	0	0	0	0	3250	0	0	0	0	0	0	0	0	0	// Silk Boots
35	326	326	1	508	500	0	3260	0	0	0	0	0	0	0	0	0	3260	0	0	0	0	0	0	0	0	0	// Wind Boots
35	327	327	1	508	500	0	3270	0	0	0	0	0	0	0	0	0	3270	0	0	0	0	0	0	0	0	0	// Spirit Boots
35	328	328	1	508	500	0	3280	0	0	0	0	0	0	0	0	0	3280	0	0	0	0	0	0	0	0	0	// Guardian Boots
35	329	329	1	508	500	0	3290	0	0	0	0	0	0	0	0	0	3290	0	0	0	0	0	0	0	0	0	// Storm Crow Boots
35	330	330	1	508	500	0	3300	0	0	0	0	0	0	0	0	0	3300	0	0	0	0	0	0	0	0	0	// Black Dragon Boots
35	331	331	1	508	500	0	3310	0	0	0	0	0	0	0	0	0	3310	0	0	0	0	0	0	0	0	0	// Dark Phoenix Boots
35	332	332	1	508	500	0	3320	0	0	0	0	0	0	0	0	0	3320	0	0	0	0	0	0	0	0	0	// Grand Soul Boots
35	333	333	1	508	500	0	3330	0	0	0	0	0	0	0	0	0	3330	0	0	0	0	0	0	0	0	0	// Holy Spirit Boots
35	334	334	1	508	500	0	3340	0	0	0	0	0	0	0	0	0	3340	0	0	0	0	0	0	0	0	0	// Thunder Hawk Boots
35	335	335	1	508	500	0	3350	0	0	0	0	0	0	0	0	0	3350	0	0	0	0	0	0	0	0	0	// Great Dragon Boots
35	336	336	1	508	500	0	3360	0	0	0	0	0	0	0	0	0	3360	0	0	0	0	0	0	0	0	0	// Dark Soul Boots
35	337	337	1	508	500	0	3370	0	0	0	0	0	0	0	0	0	3370	0	0	0	0	0	0	0	0	0	// Red Spirit Boots
35	338	338	1	508	500	0	3380	0	0	0	0	0	0	0	0	0	3380	0	0	0	0	0	0	0	0	0	// Light Plate Boots
35	339	339	1	508	500	0	3390	0	0	0	0	0	0	0	0	0	3390	0	0	0	0	0	0	0	0	0	// Adamantine Boots
35	340	340	1	508	500	0	3400	0	0	0	0	0	0	0	0	0	3400	0	0	0	0	0	0	0	0	0	// Hurricane Boots
35	341	341	1	508	500	0	3410	0	0	0	0	0	0	0	0	0	3410	0	0	0	0	0	0	0	0	0	// Dark Steel Boots
35	342	342	1	508	500	0	3420	0	0	0	0	0	0	0	0	0	3420	0	0	0	0	0	0	0	0	0	// Dark Master Boots
35	343	343	1	508	1000	0	3430	0	0	0	0	0	0	0	0	0	3430	0	0	0	0	0	0	0	0	0	// Dragon Knight Boots
35	344	344	1	508	1000	0	3440	0	0	0	0	0	0	0	0	0	3440	0	0	0	0	0	0	0	0	0	// Venom Mist Boots
35	345	345	1	508	1000	0	3450	0	0	0	0	0	0	0	0	0	3450	0	0	0	0	0	0	0	0	0	// Sylphid Ray Boots
35	346	346	1	508	1000	0	3460	0	0	0	0	0	0	0	0	0	3460	0	0	0	0	0	0	0	0	0	// Volcano Boots
35	347	347	1	508	1000	0	3470	0	0	0	0	0	0	0	0	0	3470	0	0	0	0	0	0	0	0	0	// Sunlight Boots
35	348	348	1	508	1000	0	3480	0	0	0	0	0	0	0	0	0	3480	0	0	0	0	0	0	0	0	0	// Ashcrow Boots
35	349	349	1	508	1000	0	3490	0	0	0	0	0	0	0	0	0	3490	0	0	0	0	0	0	0	0	0	// Eclipse Boots
35	350	350	1	508	1000	0	3500	0	0	0	0	0	0	0	0	0	3500	0	0	0	0	0	0	0	0	0	// Iris Boots
35	351	351	1	508	1000	0	3510	0	0	0	0	0	0	0	0	0	3510	0	0	0	0	0	0	0	0	0	// Valiant Boots
35	352	352	1	508	1000	0	3520	0	0	0	0	0	0	0	0	0	3520	0	0	0	0	0	0	0	0	0	// Glorious Boots
35	353	353	1	508	1000	0	3530	0	0	0	0	0	0	0	0	0	3530	0	0	0	0	0	0	0	0	0	// Violent Wind Boots
35	354	354	1	508	1000	0	3540	0	0	0	0	0	0	0	0	0	3540	0	0	0	0	0	0	0	0	0	// Red Wing Boots
35	355	355	1	508	1000	0	3550	0	0	0	0	0	0	0	0	0	3550	0	0	0	0	0	0	0	0	0	// Ancient Boots
35	356	356	1	508	1000	0	3560	0	0	0	0	0	0	0	0	0	3560	0	0	0	0	0	0	0	0	0	// Storm Blitz Boots
35	357	357	1	508	1000	0	3570	0	0	0	0	0	0	0	0	0	3570	0	0	0	0	0	0	0	0	0	// Eternal Wing Boots
35	358	358	1	508	1500	0	3580	0	0	0	0	0	0	0	0	0	3580	0	0	0	0	0	0	0	0	0	// Titan Boots
35	359	359	1	508	1500	0	3590	0	0	0	0	0	0	0	0	0	3590	0	0	0	0	0	0	0	0	0	// Brave Boots
35	360	360	1	508	1500	0	3600	0	0	0	0	0	0	0	0	0	3600	0	0	0	0	0	0	0	0	0	// Phantom Boots
35	361	361	1	508	1500	0	3610	0	0	0	0	0	0	0	0	0	3610	0	0	0	0	0	0	0	0	0	// Destroy Boots
35	362	362	1	508	1500	0	3620	0	0	0	0	0	0	0	0	0	3620	0	0	0	0	0	0	0	0	0	// Seraphim Boots
35	363	363	1	508	1500	0	3630	0	0	0	0	0	0	0	0	0	3630	0	0	0	0	0	0	0	0	0	// Divine Boots
35	364	364	1	508	1500	0	3640	0	0	0	0	0	0	0	0	0	3640	0	0	0	0	0	0	0	0	0	// Royal Boots
35	365	365	1	508	1500	0	3650	0	0	0	0	0	0	0	0	0	3650	0	0	0	0	0	0	0	0	0	// Hades Boots
35	366	366	1	508	500	0	3660	0	0	0	0	0	0	0	0	0	3660	0	0	0	0	0	0	0	0	0	// Sacred Fire Boots
35	367	367	1	508	1000	0	3670	0	0	0	0	0	0	0	0	0	3670	0	0	0	0	0	0	0	0	0	// Piercing Groove Boots
35	368	368	1	508	1500	0	3680	0	0	0	0	0	0	0	0	0	3680	0	0	0	0	0	0	0	0	0	// Phoenix Soul Boots
36	370	370	1	508	500	0	3700	0	0	0	0	0	0	0	0	0	3700	0	0	0	0	0	0	0	0	0	// Lighting Sword
36	371	371	1	508	500	0	3710	0	0	0	0	0	0	0	0	0	3710	0	0	0	0	0	0	0	0	0	// Sword of Destruction
36	372	372	1	508	500	0	3720	0	0	0	0	0	0	0	0	0	3720	0	0	0	0	0	0	0	0	0	// Dark Breaker
36	373	373	1	508	500	0	3730	0	0	0	0	0	0	0	0	0	3730	0	0	0	0	0	0	0	0	0	// Divine Sword of Archangel
36	374	374	1	508	500	0	3740	0	0	0	0	0	0	0	0	0	3740	0	0	0	0	0	0	0	0	0	// Knight Blade
36	375	375	1	508	500	0	3750	0	0	0	0	0	0	0	0	0	3750	0	0	0	0	0	0	0	0	0	// Dark Reign Blade
36	378	378	1	508	1000	0	3780	0	0	0	0	0	0	0	0	0	3780	0	0	0	0	0	0	0	0	0	// Bone Blade
36	379	379	1	508	1000	0	3790	0	0	0	0	0	0	0	0	0	3790	0	0	0	0	0	0	0	0	0	// Explosion Blade
36	380	380	1	508	1000	0	3800	0	0	0	0	0	0	0	0	0	3800	0	0	0	0	0	0	0	0	0	// Daybreak
36	381	381	1	508	1000	0	3810	0	0	0	0	0	0	0	0	0	3810	0	0	0	0	0	0	0	0	0	// Sword Dancer
36	382	382	1	508	1500	0	3820	0	0	0	0	0	0	0	0	0	3820	0	0	0	0	0	0	0	0	0	// Flameberge
36	383	383	1	508	1500	0	3830	0	0	0	0	0	0	0	0	0	3830	0	0	0	0	0	0	0	0	0	// Sword Breaker
36	384	384	1	508	1500	0	3840	0	0	0	0	0	0	0	0	0	3840	0	0	0	0	0	0	0	0	0	// Rune Bastard Sword
36	385	385	1	508	500	0	3850	0	0	0	0	0	0	0	0	0	3850	0	0	0	0	0	0	0	0	0	// Rune Blade
36	386	386	1	508	500	0	3860	0	0	0	0	0	0	0	0	0	3860	0	0	0	0	0	0	0	0	0	// Sacred Glove
36	387	387	1	508	1000	0	3870	0	0	0	0	0	0	0	0	0	3870	0	0	0	0	0	0	0	0	0	// Piercing Blade Glove
36	388	388	1	508	1500	0	3880	0	0	0	0	0	0	0	0	0	3880	0	0	0	0	0	0	0	0	0	// Phoenix Soul Star
37	369	369	1	508	500	0	3690	0	0	0	0	0	0	0	0	0	3690	0	0	0	0	0	0	0	0	0	// Mace
37	376	376	1	508	500	0	3760	0	0	0	0	0	0	0	0	0	3760	0	0	0	0	0	0	0	0	0	// Morning Star
37	377	377	1	508	500	0	3770	0	0	0	0	0	0	0	0	0	3770	0	0	0	0	0	0	0	0	0	// Flail
37	390	390	1	508	500	0	3900	0	0	0	0	0	0	0	0	0	3900	0	0	0	0	0	0	0	0	0	// Crystal Morning Star
37	391	391	1	508	500	0	3910	0	0	0	0	0	0	0	0	0	3910	0	0	0	0	0	0	0	0	0	// Crystal Sword
37	392	392	1	508	500	0	3920	0	0	0	0	0	0	0	0	0	3920	0	0	0	0	0	0	0	0	0	// Chaos Dragon Axe
37	393	393	1	508	500	0	3930	0	0	0	0	0	0	0	0	0	3930	0	0	0	0	0	0	0	0	0	// Elemental Mace
37	394	394	1	508	500	0	3940	0	0	0	0	0	0	0	0	0	3940	0	0	0	0	0	0	0	0	0	// Battle Scepter
37	395	395	1	508	500	0	3950	0	0	0	0	0	0	0	0	0	3950	0	0	0	0	0	0	0	0	0	// Master Scepter
37	396	396	1	508	500	0	3960	0	0	0	0	0	0	0	0	0	3960	0	0	0	0	0	0	0	0	0	// Great Scepter
37	397	397	1	508	500	0	3970	0	0	0	0	0	0	0	0	0	3970	0	0	0	0	0	0	0	0	0	// Lord Scepter
37	398	398	1	508	1000	0	3980	0	0	0	0	0	0	0	0	0	3980	0	0	0	0	0	0	0	0	0	// Great Lord Scepter
37	399	399	1	508	1000	0	3990	0	0	0	0	0	0	0	0	0	3990	0	0	0	0	0	0	0	0	0	// Divine Scepter of Archangel
37	400	400	1	508	1000	0	4000	0	0	0	0	0	0	0	0	0	4000	0	0	0	0	0	0	0	0	0	// Soleil Sceptor
37	401	401	1	508	1500	0	4010	0	0	0	0	0	0	0	0	0	4010	0	0	0	0	0	0	0	0	0	// Shining Scepter
37	402	402	1	508	1500	0	4020	0	0	0	0	0	0	0	0	0	4020	0	0	0	0	0	0	0	0	0	// Frost Mace
37	403	403	1	508	1500	0	4030	0	0	0	0	0	0	0	0	0	4030	0	0	0	0	0	0	0	0	0	// Absolute Scepter
38	404	404	1	508	500	0	4040	0	0	0	0	0	0	0	0	0	4040	0	0	0	0	0	0	0	0	0	// Celestial Bow
38	405	405	1	508	500	0	4050	0	0	0	0	0	0	0	0	0	4050	0	0	0	0	0	0	0	0	0	// Divine Crossbow of Archangel
38	406	406	1	508	500	0	4060	0	0	0	0	0	0	0	0	0	4060	0	0	0	0	0	0	0	0	0	// Great Reign Crossbow
38	407	407	1	508	1000	0	4070	0	0	0	0	0	0	0	0	0	4070	0	0	0	0	0	0	0	0	0	// Arrow Viper Bow
38	408	408	1	508	1000	0	4080	0	0	0	0	0	0	0	0	0	4080	0	0	0	0	0	0	0	0	0	// Sylph Wind Bow
38	409	409	1	508	1500	0	4090	0	0	0	0	0	0	0	0	0	4090	0	0	0	0	0	0	0	0	0	// Albatross Bow
38	410	410	1	508	1500	0	4100	0	0	0	0	0	0	0	0	0	4100	0	0	0	0	0	0	0	0	0	// Dark Stinger
38	411	411	1	508	1500	0	4110	0	0	0	0	0	0	0	0	0	4110	0	0	0	0	0	0	0	0	0	// Aileen Bowr
39	389	389	1	508	500	0	3890	0	0	0	0	0	0	0	0	0	3890	0	0	0	0	0	0	0	0	0	// Skull Staff
39	412	412	1	508	500	0	4120	0	0	0	0	0	0	0	0	0	4120	0	0	0	0	0	0	0	0	0	// Legendary Staff
39	413	413	1	508	500	0	4130	0	0	0	0	0	0	0	0	0	4130	0	0	0	0	0	0	0	0	0	// Staff of Resurrection
39	414	414	1	508	500	0	4140	0	0	0	0	0	0	0	0	0	4140	0	0	0	0	0	0	0	0	0	// Dragon Soul Staff
39	415	415	1	508	500	0	4150	0	0	0	0	0	0	0	0	0	4150	0	0	0	0	0	0	0	0	0	// Divine Staff of Archangel
39	416	416	1	508	500	0	4160	0	0	0	0	0	0	0	0	0	4160	0	0	0	0	0	0	0	0	0	// Staff of Kundun
39	417	417	1	508	500	0	4170	0	0	0	0	0	0	0	0	0	4170	0	0	0	0	0	0	0	0	0	// Mystery Stick
39	418	418	1	508	500	0	4180	0	0	0	0	0	0	0	0	0	4180	0	0	0	0	0	0	0	0	0	// Violent Wind Stick
39	419	419	1	508	500	0	4190	0	0	0	0	0	0	0	0	0	4190	0	0	0	0	0	0	0	0	0	// Red Wing Stick
39	420	420	1	508	500	0	4200	0	0	0	0	0	0	0	0	0	4200	0	0	0	0	0	0	0	0	0	// Ancient Stick
39	421	421	1	508	500	0	4210	0	0	0	0	0	0	0	0	0	4210	0	0	0	0	0	0	0	0	0	// Demonic Stick
39	422	422	1	508	500	0	4220	0	0	0	0	0	0	0	0	0	4220	0	0	0	0	0	0	0	0	0	// Book of Samut
39	423	423	1	508	1000	0	4230	0	0	0	0	0	0	0	0	0	4230	0	0	0	0	0	0	0	0	0	// Grand Viper Staff
39	424	424	1	508	1000	0	4240	0	0	0	0	0	0	0	0	0	4240	0	0	0	0	0	0	0	0	0	// Platina Staff
39	425	425	1	508	1000	0	4250	0	0	0	0	0	0	0	0	0	4250	0	0	0	0	0	0	0	0	0	// Storm Blitz Stick
39	426	426	1	508	1000	0	4260	0	0	0	0	0	0	0	0	0	4260	0	0	0	0	0	0	0	0	0	// Eternal Wing Stick
39	427	427	1	508	1000	0	4270	0	0	0	0	0	0	0	0	0	4270	0	0	0	0	0	0	0	0	0	// Book of Neil
39	428	428	1	508	1500	0	4280	0	0	0	0	0	0	0	0	0	4280	0	0	0	0	0	0	0	0	0	// Deadly Staff
39	429	429	1	508	1500	0	4290	0	0	0	0	0	0	0	0	0	4290	0	0	0	0	0	0	0	0	0	// Inberial Staff
39	430	430	1	508	1500	0	4300	0	0	0	0	0	0	0	0	0	4300	0	0	0	0	0	0	0	0	0	// Summon Spirit Stick
39	431	431	1	508	1500	0	4310	0	0	0	0	0	0	0	0	0	4310	0	0	0	0	0	0	0	0	0	// Chrome Staff
39	432	432	1	508	1500	0	4320	0	0	0	0	0	0	0	0	0	4320	0	0	0	0	0	0	0	0	0	// Raven Stick
39	433	433	1	508	1500	0	4330	0	0	0	0	0	0	0	0	0	4330	0	0	0	0	0	0	0	0	0	// Divine Stick of the Archangel
39	434	434	1	508	1500	0	4340	0	0	0	0	0	0	0	0	0	4340	0	0	0	0	0	0	0	0	0	// Book of Lagle
41	435	435	1	508	500	0	4350	0	0	0	0	0	0	0	0	0	4350	0	0	0	0	0	0	0	0	0	// Skull Shield
41	436	436	1	508	500	0	4360	0	0	0	0	0	0	0	0	0	4360	0	0	0	0	0	0	0	0	0	// Dragon Shield
41	437	437	1	508	500	0	4370	0	0	0	0	0	0	0	0	0	4370	0	0	0	0	0	0	0	0	0	// Legendary Shield
41	438	438	1	508	1000	0	4380	0	0	0	0	0	0	0	0	0	4380	0	0	0	0	0	0	0	0	0	// Grand Soul Shield
41	439	439	1	508	1000	0	4390	0	0	0	0	0	0	0	0	0	4390	0	0	0	0	0	0	0	0	0	// Elemental Shield
41	440	440	1	508	1500	0	4400	0	0	0	0	0	0	0	0	0	4400	0	0	0	0	0	0	0	0	0	// Crimson Glory
41	441	441	1	508	1500	0	4410	0	0	0	0	0	0	0	0	0	4410	0	0	0	0	0	0	0	0	0	// Salamander Shield
41	442	442	1	508	1500	0	4420	0	0	0	0	0	0	0	0	0	4420	0	0	0	0	0	0	0	0	0	// Frost Barrier
41	443	443	1	508	1500	0	4430	0	0	0	0	0	0	0	0	0	4430	0	0	0	0	0	0	0	0	0	// Guardian Shield
41	444	444	1	508	1500	0	4440	0	0	0	0	0	0	0	0	0	4440	0	0	0	0	0	0	0	0	0	// Cross Shield
42	445	445	1	508	500	0	4450	0	0	0	0	0	0	0	0	0	4450	0	0	0	0	0	0	0	0	0	// Wings of Elf
42	446	446	1	508	500	0	4460	0	0	0	0	0	0	0	0	0	4460	0	0	0	0	0	0	0	0	0	// Wings of Heaven
42	447	447	1	508	500	0	4470	0	0	0	0	0	0	0	0	0	4470	0	0	0	0	0	0	0	0	0	// Wings of Satan
42	448	448	1	508	500	0	4480	0	0	0	0	0	0	0	0	0	4480	0	0	0	0	0	0	0	0	0	// Wing of Curse
42	449	449	1	508	1000	0	4490	0	0	0	0	0	0	0	0	0	4490	0	0	0	0	0	0	0	0	0	// Wings of Spirits
42	450	450	1	508	1000	0	4500	0	0	0	0	0	0	0	0	0	4500	0	0	0	0	0	0	0	0	0	// Wings of Soul
42	451	451	1	508	1000	0	4510	0	0	0	0	0	0	0	0	0	4510	0	0	0	0	0	0	0	0	0	// Wings of Dragon
42	452	452	1	508	1000	0	4520	0	0	0	0	0	0	0	0	0	4520	0	0	0	0	0	0	0	0	0	// Wings of Darkness
42	453	453	1	508	1000	0	4530	0	0	0	0	0	0	0	0	0	4530	0	0	0	0	0	0	0	0	0	// Wind of Despair
42	454	454	1	508	1000	0	4540	0	0	0	0	0	0	0	0	0	4540	0	0	0	0	0	0	0	0	0	// Cape of Fighter
42	455	455	1	508	1500	0	4550	0	0	0	0	0	0	0	0	0	4550	0	0	0	0	0	0	0	0	0	// Wing of Storm
42	456	456	1	508	1500	0	4560	0	0	0	0	0	0	0	0	0	4560	0	0	0	0	0	0	0	0	0	// Wing of Eternal
42	457	457	1	508	1500	0	4570	0	0	0	0	0	0	0	0	0	4570	0	0	0	0	0	0	0	0	0	// Wing of Illusion
42	458	458	1	508	1500	0	4580	0	0	0	0	0	0	0	0	0	4580	0	0	0	0	0	0	0	0	0	// Wing of Ruin
42	459	459	1	508	1500	0	4590	0	0	0	0	0	0	0	0	0	4590	0	0	0	0	0	0	0	0	0	// Cape of Emperor
42	460	460	1	508	1500	0	4600	0	0	0	0	0	0	0	0	0	4600	0	0	0	0	0	0	0	0	0	// Wing of Dimension
42	461	461	1	508	1500	0	4610	0	0	0	0	0	0	0	0	0	4610	0	0	0	0	0	0	0	0	0	// Cape of Overrule
43	462	462	1	508	200	0	4620	0	0	0	0	0	0	0	0	0	4620	0	0	0	0	0	0	0	0	0	// Seal of Ascension
43	463	463	1	508	350	0	4630	0	0	0	0	0	0	0	0	0	4630	0	0	0	0	0	0	0	0	0	// Seal of Wealth
43	464	464	1	508	200	0	4640	0	0	0	0	0	0	0	0	0	4640	0	0	0	0	0	0	0	0	0	// Seal of Divinity
43	465	465	1	508	100	0	4650	0	0	0	0	0	0	0	0	0	4650	0	0	0	0	0	0	0	0	0	// Seal of Sustenance
43	466	466	1	508	10	0	4660	0	0	0	0	0	0	0	0	0	4660	0	0	0	0	0	0	0	0	0	// Talisman of Mobility
43	467	467	1	508	200	0	4670	0	0	0	0	0	0	0	0	0	4670	0	0	0	0	0	0	0	0	0	// Seal of Healing
43	468	468	1	508	350	0	4680	0	0	0	0	0	0	0	0	0	4680	0	0	0	0	0	0	0	0	0	// Talisman of Resurrection
43	469	469	1	508	350	0	4690	0	0	0	0	0	0	0	0	0	4690	0	0	0	0	0	0	0	0	0	// Seal of Mobility
44	470	470	1	508	50	0	4700	0	0	0	0	0	0	0	0	0	4700	0	0	0	0	0	0	0	0	0	// Jewel of Bless
44	471	471	1	508	50	0	4710	0	0	0	0	0	0	0	0	0	4710	0	0	0	0	0	0	0	0	0	// Jewel of Soul
44	472	472	1	508	50	0	4720	0	0	0	0	0	0	0	0	0	4720	0	0	0	0	0	0	0	0	0	// Jewel of Life
44	473	473	1	508	50	0	4730	0	0	0	0	0	0	0	0	0	4730	0	0	0	0	0	0	0	0	0	// Jewel of Creation
44	474	474	1	508	70	0	4740	0	0	0	0	0	0	0	0	0	4740	0	0	0	0	0	0	0	0	0	// Jewel of Guardian
44	475	475	1	508	70	0	4750	0	0	0	0	0	0	0	0	0	4750	0	0	0	0	0	0	0	0	0	// Jewel of Harmony
44	478	478	1	508	450	0	4780	0	0	0	0	0	0	0	0	0	4780	0	0	0	0	0	0	0	0	0	// bundle of Jewel of Bless
44	479	479	1	508	450	0	4790	0	0	0	0	0	0	0	0	0	4790	0	0	0	0	0	0	0	0	0	// bundle of Jewel of Soul
44	480	480	1	508	100	0	4800	0	0	0	0	0	0	0	0	0	4800	0	0	0	0	0	0	0	0	0	// Jewel of Chaos
44	481	481	1	508	450	0	4810	0	0	0	0	0	0	0	0	0	4810	0	0	0	0	0	0	0	0	0	// Jewel of Life Bundle
44	482	482	1	508	450	0	4820	0	0	0	0	0	0	0	0	0	4820	0	0	0	0	0	0	0	0	0	// Jewel of Creation Bundle
44	483	483	1	508	650	0	4830	0	0	0	0	0	0	0	0	0	4830	0	0	0	0	0	0	0	0	0	// Jewel of Guardian Bundle
44	484	484	1	508	650	0	4840	0	0	0	0	0	0	0	0	0	4840	0	0	0	0	0	0	0	0	0	// Jewel of Harmony Bundle
44	485	485	1	508	950	0	4850	0	0	0	0	0	0	0	0	0	4850	0	0	0	0	0	0	0	0	0	// Jewel of Chaos Bundle
44	486	486	1	508	450	0	4860	0	0	0	0	0	0	0	0	0	4860	0	0	0	0	0	0	0	0	0	// Lower Refining Stone Bundle
44	487	487	1	508	650	0	4870	0	0	0	0	0	0	0	0	0	4870	0	0	0	0	0	0	0	0	0	// Higher Refining Stone Bundle
45	476	476	1	508	100	0	4760	0	0	0	0	0	0	0	0	0	4760	0	0	0	0	0	0	0	0	0	// Dark Horse
45	477	477	1	508	100	0	4770	0	0	0	0	0	0	0	0	0	4770	0	0	0	0	0	0	0	0	0	// Dark Raven
45	488	488	1	508	100	0	4880	0	0	0	0	0	0	0	0	0	4880	0	0	0	0	0	0	0	0	0	// Pet Rudolf
45	489	489	1	508	200	0	4890	0	0	0	0	0	0	0	0	0	4890	0	0	0	0	0	0	0	0	0	// Pet Panda
45	490	490	1	508	100	0	4900	0	0	0	0	0	0	0	0	0	4900	0	0	0	0	0	0	0	0	0	// Pet Unicorn
45	491	491	1	508	100	0	4910	0	0	0	0	0	0	0	0	0	4910	0	0	0	0	0	0	0	0	0	// Pet Skeleton
45	492	492	1	508	200	0	4920	0	0	0	0	0	0	0	0	0	4920	0	0	0	0	0	0	0	0	0	// Horn of Fenrir
46	493	493	1	508	50	0	4930	0	0	0	0	0	0	0	0	0	4930	0	0	0	0	0	0	0	0	0	// Seed (Fire)
46	494	494	1	508	50	0	4940	0	0	0	0	0	0	0	0	0	4940	0	0	0	0	0	0	0	0	0	// Seed (Water)
46	495	495	1	508	50	0	4950	0	0	0	0	0	0	0	0	0	4950	0	0	0	0	0	0	0	0	0	// Seed (Ice)
46	496	496	1	508	50	0	4960	0	0	0	0	0	0	0	0	0	4960	0	0	0	0	0	0	0	0	0	// Seed (Wind)
46	497	497	1	508	50	0	4970	0	0	0	0	0	0	0	0	0	4970	0	0	0	0	0	0	0	0	0	// Seed (Lightning)
46	498	498	1	508	50	0	4980	0	0	0	0	0	0	0	0	0	4980	0	0	0	0	0	0	0	0	0	// Seed (Earth)
46	500	500	1	508	80	0	5000	0	0	0	0	0	0	0	0	0	5000	0	0	0	0	0	0	0	0	0	// Sphere (Di)
46	501	501	1	508	90	0	5010	0	0	0	0	0	0	0	0	0	5010	0	0	0	0	0	0	0	0	0	// Sphere (Tri)
46	502	502	1	508	150	0	5020	0	0	0	0	0	0	0	0	0	5020	0	0	0	0	0	0	0	0	0	// Seed Sphere (Fire)
46	503	503	1	508	150	0	5030	0	0	0	0	0	0	0	0	0	5030	0	0	0	0	0	0	0	0	0	// Seed Sphere (Water)
46	504	504	1	508	150	0	5040	0	0	0	0	0	0	0	0	0	5040	0	0	0	0	0	0	0	0	0	// Seed Sphere (Ice)
46	505	505	1	508	150	0	5050	0	0	0	0	0	0	0	0	0	5050	0	0	0	0	0	0	0	0	0	// Seed Sphere (Wind)
46	506	506	1	508	150	0	5060	0	0	0	0	0	0	0	0	0	5060	0	0	0	0	0	0	0	0	0	// Seed Sphere (Lightning)
46	507	507	1	508	150	0	5070	0	0	0	0	0	0	0	0	0	5070	0	0	0	0	0	0	0	0	0	// Seed Sphere (Earth)
46	508	508	1	508	200	0	5080	0	0	0	0	0	0	0	0	0	5080	0	0	0	0	0	0	0	0	0	// Seed Sphere (Fire)
46	509	509	1	508	200	0	5090	0	0	0	0	0	0	0	0	0	5090	0	0	0	0	0	0	0	0	0	// Seed Sphere (Water)
46	510	510	1	508	200	0	5100	0	0	0	0	0	0	0	0	0	5100	0	0	0	0	0	0	0	0	0	// Seed Sphere (Ice)
46	511	511	1	508	200	0	5110	0	0	0	0	0	0	0	0	0	5110	0	0	0	0	0	0	0	0	0	// Seed Sphere (Wind)
46	512	512	1	508	200	0	5120	0	0	0	0	0	0	0	0	0	5120	0	0	0	0	0	0	0	0	0	// Seed Sphere (Lightning)
46	513	513	1	508	200	0	5130	0	0	0	0	0	0	0	0	0	5130	0	0	0	0	0	0	0	0	0	// Seed Sphere (Earth)
46	514	514	1	508	250	0	5140	0	0	0	0	0	0	0	0	0	5140	0	0	0	0	0	0	0	0	0	// Seed Sphere (Fire)
46	515	515	1	508	250	0	5150	0	0	0	0	0	0	0	0	0	5150	0	0	0	0	0	0	0	0	0	// Seed Sphere (Water)
46	516	516	1	508	250	0	5160	0	0	0	0	0	0	0	0	0	5160	0	0	0	0	0	0	0	0	0	// Seed Sphere (Ice)
46	517	517	1	508	250	0	5170	0	0	0	0	0	0	0	0	0	5170	0	0	0	0	0	0	0	0	0	// Seed Sphere (Wind)
46	518	518	1	508	250	0	5180	0	0	0	0	0	0	0	0	0	5180	0	0	0	0	0	0	0	0	0	// Seed Sphere (Lightning)
46	519	519	1	508	250	0	5190	0	0	0	0	0	0	0	0	0	5190	0	0	0	0	0	0	0	0	0	// Seed Sphere (Earth)
47	527	527	1	508	200	0	5270	0	0	0	0	0	0	0	0	0	5270	0	0	0	0	0	0	0	0	0	// Package Box A
47	528	528	1	508	200	0	5280	0	0	0	0	0	0	0	0	0	5280	0	0	0	0	0	0	0	0	0	// Package Box B
47	529	529	1	508	200	0	5290	0	0	0	0	0	0	0	0	0	5290	0	0	0	0	0	0	0	0	0	// Package Box C
47	530	530	1	508	200	0	5300	0	0	0	0	0	0	0	0	0	5300	0	0	0	0	0	0	0	0	0	// Package Box D
47	531	531	1	508	200	0	5310	0	0	0	0	0	0	0	0	0	5310	0	0	0	0	0	0	0	0	0	// Package Box E
47	532	532	1	508	200	0	5320	0	0	0	0	0	0	0	0	0	5320	0	0	0	0	0	0	0	0	0	// Package Box F
61	499	499	1	509	100	0	4990	0	0	0	0	0	0	0	0	0	4990	0	0	0	0	0	0	0	0	0	// Box of Luck
61	520	520	1	509	300	0	5200	0	0	0	0	0	0	0	0	0	5200	0	0	0	0	0	0	0	0	0	// Jewel of Bless
61	521	521	1	509	300	0	5210	0	0	0	0	0	0	0	0	0	5210	0	0	0	0	0	0	0	0	0	// Jewel of Soul
61	522	522	1	509	300	0	5220	0	0	0	0	0	0	0	0	0	5220	0	0	0	0	0	0	0	0	0	// Jewel of Life
61	523	523	1	509	300	0	5230	0	0	0	0	0	0	0	0	0	5230	0	0	0	0	0	0	0	0	0	// Jewel of Creation
61	524	524	1	509	500	0	5240	0	0	0	0	0	0	0	0	0	5240	0	0	0	0	0	0	0	0	0	// Jewel of Guardian
61	525	525	1	509	500	0	5250	0	0	0	0	0	0	0	0	0	5250	0	0	0	0	0	0	0	0	0	// Jewel of Harmony
61	526	526	1	509	500	0	5260	0	0	0	0	0	0	0	0	0	5260	0	0	0	0	0	0	0	0	0	// Higher refining stone
62	533	533	1	509	500	0	5330	0	0	0	0	0	0	0	0	0	5330	0	0	0	0	0	0	0	0	0	// Package Box A
62	534	534	1	509	500	0	5340	0	0	0	0	0	0	0	0	0	5340	0	0	0	0	0	0	0	0	0	// Package Box B
62	535	535	1	509	500	0	5350	0	0	0	0	0	0	0	0	0	5350	0	0	0	0	0	0	0	0	0	// Package Box C
62	536	536	1	509	500	0	5360	0	0	0	0	0	0	0	0	0	5360	0	0	0	0	0	0	0	0	0	// Package Box D
62	537	537	1	509	500	0	5370	0	0	0	0	0	0	0	0	0	5370	0	0	0	0	0	0	0	0	0	// Package Box E
62	538	538	1	509	500	0	5380	0	0	0	0	0	0	0	0	0	5380	0	0	0	0	0	0	0	0	0	// Package Box F
63	539	539	1	0	100	0	5390	0	0	0	0	0	0	0	0	0	5390	0	0	0	0	0	0	0	0	0	// Guardian Angel
63	540	540	1	0	100	0	5400	0	0	0	0	0	0	0	0	0	5400	0	0	0	0	0	0	0	0	0	// Imp
63	541	541	1	0	100	0	5410	0	0	0	0	0	0	0	0	0	5410	0	0	0	0	0	0	0	0	0	// Horn of Uniria
63	542	542	1	0	100	0	5420	0	0	0	0	0	0	0	0	0	5420	0	0	0	0	0	0	0	0	0	// Horn of Dinorant
63	543	543	1	0	500	0	5430	0	0	0	0	0	0	0	0	0	5430	0	0	0	0	0	0	0	0	0	// Dark Horse
63	544	544	1	0	500	0	5440	0	0	0	0	0	0	0	0	0	5440	0	0	0	0	0	0	0	0	0	// Dark Raven
63	551	551	1	0	200	0	5510	0	0	0	0	0	0	0	0	0	5510	0	0	0	0	0	0	0	0	0	// Pink Chocolate Box
63	554	554	1	0	200	0	5540	0	0	0	0	0	0	0	0	0	5540	0	0	0	0	0	0	0	0	0	// Red Chocolate Box
64	545	545	1	0	100	0	5450	0	0	0	0	0	0	0	0	0	5450	0	0	0	0	0	0	0	0	0	// Splinter of Armor
64	546	546	1	0	100	0	5460	0	0	0	0	0	0	0	0	0	5460	0	0	0	0	0	0	0	0	0	// Bless of Guardian
64	547	547	1	0	100	0	5470	0	0	0	0	0	0	0	0	0	5470	0	0	0	0	0	0	0	0	0	// Claw of Beast
64	548	548	1	0	100	0	5480	0	0	0	0	0	0	0	0	0	5480	0	0	0	0	0	0	0	0	0	// Fragment of Horn
64	549	549	1	0	100	0	5490	0	0	0	0	0	0	0	0	0	5490	0	0	0	0	0	0	0	0	0	// Broken Horn
64	550	550	1	0	100	0	5500	0	0	0	0	0	0	0	0	0	5500	0	0	0	0	0	0	0	0	0	// Moonstone Pendant
64	552	552	1	0	300	0	5520	0	0	0	0	0	0	0	0	0	5520	0	0	0	0	0	0	0	0	0	// Red Chocolate Box
64	553	553	1	0	300	0	5530	0	0	0	0	0	0	0	0	0	5530	0	0	0	0	0	0	0	0	0	// Box of Luck
end
